0.48885294795036316;0.5884396433830261;1;0;0
0.48387837409973145;0.5834344625473022;2;0;1
0.4788764715194702;0.5784672498703003;3;0;2
0.47382494807243347;0.5735363960266113;4;0;3
0.4688062369823456;0.5686056017875671;5;0;4
0.4638599753379822;0.563685417175293;6;0;5
0.45892152190208435;0.5587677359580994;7;0;6
0.45398491621017456;0.5538558959960938;8;0;7
0.4490108788013458;0.5489186644554138;9;0;8
0.4440426230430603;0.5439872145652771;10;0;9
0.4391378164291382;0.5390666127204895;11;0;10
0.4342719614505768;0.5341761112213135;12;0;11
0.4293937385082245;0.5292586088180542;13;0;12
0.42455002665519714;0.5243409872055054;14;0;13
0.41973769664764404;0.5194456577301025;15;0;14
0.41485273838043213;0.5145530700683594;16;0;15
0.4099583327770233;0.5096966624259949;17;0;16
0.40508368611335754;0.5049256682395935;18;0;17
0.4002172648906708;0.5002020001411438;19;0;18
0.3953815996646881;0.49547111988067627;20;0;19
0.39052820205688477;0.4907708764076233;21;0;20
0.3856615424156189;0.4860824644565582;22;0;21
0.3808341920375824;0.48140278458595276;23;0;22
0.3760020434856415;0.47674643993377686;24;0;23
0.3711685240268707;0.47212785482406616;25;0;24
0.3663214445114136;0.4675116539001465;26;0;25
0.361488401889801;0.46289676427841187;27;0;26
0.3566630482673645;0.45831969380378723;28;0;27
0.35188597440719604;0.45377829670906067;29;0;28
0.34710440039634705;0.4492448568344116;30;0;29
0.3423371911048889;0.44473686814308167;31;0;30
0.33758601546287537;0.4402393400669098;32;0;31
0.3328552544116974;0.4357437789440155;33;0;32
0.3281075954437256;0.43125712871551514;34;0;33
0.3233560025691986;0.426863431930542;35;0;34
0.31861424446105957;0.4225359857082367;36;0;35
0.31392309069633484;0.41819071769714355;37;0;36
0.309246301651001;0.41387027502059937;38;0;37
0.30455607175827026;0.40958479046821594;39;0;38
0.2998463213443756;0.40535762906074524;40;0;39
0.29504314064979553;0.4011770784854889;41;0;40
0.2902492582798004;0.39703014492988586;42;0;41
0.2854335904121399;0.39291954040527344;43;0;42
0.2806611955165863;0.3888019919395447;44;0;43
0.27595362067222595;0.3846570551395416;45;0;44
0.27130502462387085;0.380524605512619;46;0;45
0.2666769027709961;0.37644919753074646;47;0;46
0.26207420229911804;0.37242987751960754;48;0;47
0.25751346349716187;0.36842116713523865;49;0;48
0.25297749042510986;0.36438271403312683;50;0;49
0.24848651885986328;0.36038094758987427;51;0;50
0.24394957721233368;0.35644111037254333;52;0;51
0.23939722776412964;0.35253575444221497;53;0;52
0.23494306206703186;0.3486383855342865;54;0;53
0.23044559359550476;0.3447839319705963;55;0;54
0.22585342824459076;0.34100842475891113;56;0;55
0.22134198248386383;0.3372517228126526;57;0;56
0.21687939763069153;0.33351221680641174;58;0;57
0.21233269572257996;0.3298012316226959;59;0;58
0.20782503485679626;0.3260912597179413;60;0;59
0.2033775895833969;0.32241833209991455;61;0;60
0.1989670842885971;0.318780779838562;62;0;61
0.1946001648902893;0.3151659369468689;63;0;62
0.19021834433078766;0.3115878403186798;64;0;63
0.1858217418193817;0.3080706000328064;65;0;64
0.1814204603433609;0.3045850992202759;66;0;65
0.1769251525402069;0.3011212646961212;67;0;66
0.1725027710199356;0.2976670563220978;68;0;67
0.16815774142742157;0.2942572832107544;69;0;68
0.16384248435497284;0.2908770740032196;70;0;69
0.1594688892364502;0.2875322997570038;71;0;70
0.15506501495838165;0.28424912691116333;72;0;71
0.15067635476589203;0.2810080647468567;73;0;72
0.14639128744602203;0.2777671217918396;74;0;73
0.14217841625213623;0.274565726518631;75;0;74
0.13792811334133148;0.27141207456588745;76;0;75
0.13359810411930084;0.26831626892089844;77;0;76
0.12935805320739746;0.2652497887611389;78;0;77
0.12499620020389557;0.26226186752319336;79;0;78
0.12059984356164932;0.2593236267566681;80;1;0
0.11629625409841537;0.2563954293727875;81;1;1
0.1120244562625885;0.25349247455596924;82;1;2
0.10780159384012222;0.2506217360496521;83;1;3
0.10362237691879272;0.24777348339557648;84;1;4
0.0995006412267685;0.244955375790596;85;1;5
0.09535524994134903;0.24218586087226868;86;1;6
0.09117124229669571;0.23945918679237366;87;1;7
0.08704482764005661;0.23676390945911407;88;1;8
0.08286286145448685;0.234103262424469;89;1;9
0.07863785326480865;0.23148439824581146;90;1;10
0.07449860870838165;0.22890129685401917;91;1;11
0.07042355835437775;0.2263658344745636;92;1;12
0.06633033603429794;0.22386802732944489;93;1;13
0.062246717512607574;0.22140537202358246;94;1;14
0.058202046900987625;0.2189970314502716;95;1;15
0.05417687073349953;0.21662813425064087;96;1;16
0.050164755433797836;0.21429511904716492;97;1;17
0.046165771782398224;0.21200022101402283;98;1;18
0.042209357023239136;0.20974493026733398;99;1;19
0.03824332728981972;0.20752698183059692;100;1;20
0.034289754927158356;0.20535767078399658;101;1;21
0.030358750373125076;0.20323263108730316;102;1;22
0.02649485319852829;0.20114578306674957;103;1;23
0.02261841855943203;0.19909772276878357;104;1;24
0.018832020461559296;0.1970914751291275;105;1;25
0.01500100176781416;0.19512654840946198;106;1;26
0.011137116700410843;0.19320431351661682;107;1;27
0.007192179095000029;0.19132763147354126;108;1;28
0.0032786442898213863;0.18949446082115173;109;1;29
-0.0005615341942757368;0.18770402669906616;110;1;30
-0.0044251917861402035;0.18595583736896515;111;1;31
-0.008257866837084293;0.18424981832504272;112;1;32
-0.012056013569235802;0.18258610367774963;113;1;33
-0.015864280983805656;0.18096637725830078;114;1;34
-0.019652526825666428;0.17938899993896484;115;1;35
-0.02347502112388611;0.17785385251045227;116;1;36
-0.027275636792182922;0.17636175453662872;117;1;37
-0.03102342039346695;0.17491190135478973;118;1;38
-0.03464065119624138;0.17351095378398895;119;1;39
-0.03819502890110016;0.17215542495250702;120;1;40
-0.041735053062438965;0.17083513736724854;121;1;41
-0.04532310739159584;0.16955363750457764;122;1;42
-0.048920392990112305;0.16831259429454803;123;1;43
-0.052530109882354736;0.167104110121727;124;1;44
-0.05617142096161842;0.16592462360858917;125;1;45
-0.05981053411960602;0.1647937297821045;126;1;46
-0.06339357048273087;0.16371731460094452;127;1;47
-0.06690123677253723;0.16269230842590332;128;1;48
-0.07046105712652206;0.16170507669448853;129;1;49
-0.07411470264196396;0.1607510894536972;130;1;50
-0.0777164101600647;0.1598263531923294;131;1;51
-0.08132370561361313;0.1589432805776596;132;1;52
-0.08501620590686798;0.15809567272663116;133;1;53
-0.08863382786512375;0.15729795396327972;134;1;54
-0.09212866425514221;0.15656691789627075;135;1;55
-0.09559779614210129;0.15589404106140137;136;1;56
-0.09905344247817993;0.15526854991912842;137;1;57
-0.1024857833981514;0.15466493368148804;138;1;58
-0.10595884919166565;0.15409094095230103;139;1;59
-0.10945344716310501;0.15352866053581238;140;1;60
-0.11290149390697479;0.15301841497421265;141;1;61
-0.11629873514175415;0.15256942808628082;142;1;62
-0.11964777857065201;0.15216553211212158;143;1;63
-0.12288637459278107;0.1518237590789795;144;1;64
-0.12607641518115997;0.1515260636806488;145;1;65
-0.1293477565050125;0.15127190947532654;146;1;66
-0.13263648748397827;0.15106643736362457;147;1;67
-0.13594691455364227;0.15089057385921478;148;1;68
-0.13927556574344635;0.15073177218437195;149;1;69
-0.14256295561790466;0.15061920881271362;150;1;70
-0.14588843286037445;0.15050770342350006;151;1;71
-0.14930199086666107;0.15037362277507782;152;1;72
-0.15272104740142822;0.15029920637607574;153;1;73
-0.15613780915737152;0.1502753049135208;154;1;74
-0.15954643487930298;0.15027204155921936;155;1;75
-0.16287276148796082;0.150324746966362;156;1;76
-0.1661706417798996;0.1504281759262085;157;1;77
-0.16956186294555664;0.1505897343158722;158;1;78
-0.1729801893234253;0.15077614784240723;159;2;0
-0.1763506829738617;0.15102404356002808;160;2;1
-0.17957942187786102;0.15131688117980957;161;2;2
-0.18280921876430511;0.1516561508178711;162;2;3
-0.18596290051937103;0.15203417837619781;163;2;4
-0.18909597396850586;0.1524302214384079;164;2;5
-0.19217939674854279;0.152863010764122;165;2;6
-0.19523504376411438;0.15332500636577606;166;2;7
-0.198342427611351;0.1537860482931137;167;2;8
-0.20158958435058594;0.15422385931015015;168;2;9
-0.20472551882266998;0.15477049350738525;169;2;10
-0.2077079713344574;0.15544135868549347;170;2;11
-0.21065247058868408;0.15615305304527283;171;2;12
-0.2135787457227707;0.15688221156597137;172;2;13
-0.2165796011686325;0.15758167207241058;173;2;14
-0.21966557204723358;0.1582862287759781;174;2;15
-0.2227325290441513;0.15901416540145874;175;2;16
-0.22577720880508423;0.15979529917240143;176;2;17
-0.2288016974925995;0.1605919748544693;177;2;18
-0.2318735122680664;0.16139988601207733;178;2;19
-0.23500759899616241;0.1622365415096283;179;2;20
-0.23809537291526794;0.1630571484565735;180;2;21
-0.24100477993488312;0.16399672627449036;181;2;22
-0.243970587849617;0.1649743914604187;182;2;23
-0.2469549924135208;0.16592633724212646;183;2;24
-0.2498713582754135;0.1669219732284546;184;2;25
-0.2528115212917328;0.1679709553718567;185;2;26
-0.25579142570495605;0.1690789759159088;186;2;27
-0.25872674584388733;0.17023292183876038;187;2;28
-0.2616519629955292;0.1713763028383255;188;2;29
-0.26456552743911743;0.1725309193134308;189;2;30
-0.26752376556396484;0.1736687272787094;190;2;31
-0.27052319049835205;0.17482265830039978;191;2;32
-0.27353885769844055;0.1759982407093048;192;2;33
-0.27651771903038025;0.17713181674480438;193;2;34
-0.27945199608802795;0.17831318080425262;194;2;35
-0.2822997570037842;0.17961722612380981;195;2;36
-0.28515470027923584;0.18095548450946808;196;2;37
-0.28806594014167786;0.18225547671318054;197;2;38
-0.2909691631793976;0.18357627093791962;198;2;39
-0.2938659191131592;0.1849025934934616;199;2;40
-0.2968246042728424;0.1862262487411499;200;2;41
-0.2997437119483948;0.18764610588550568;201;2;42
-0.30256521701812744;0.18909744918346405;202;2;43
-0.30536526441574097;0.19052410125732422;203;2;44
-0.30816856026649475;0.19191284477710724;204;2;45
-0.310920387506485;0.19341933727264404;205;2;46
-0.3136957585811615;0.19498060643672943;206;2;47
-0.3164859414100647;0.1966242641210556;207;2;48
-0.31927135586738586;0.19827228784561157;208;2;49
-0.3220384120941162;0.1999259889125824;209;2;50
-0.3247995674610138;0.20155176520347595;210;2;51
-0.3276640474796295;0.20312905311584473;211;2;52
-0.33063048124313354;0.2046431005001068;212;2;53
-0.33350998163223267;0.20628415048122406;213;2;54
-0.33640679717063904;0.2079506814479828;214;2;55
-0.33928826451301575;0.20960822701454163;215;2;56
-0.3420150876045227;0.2114401012659073;216;2;57
-0.3447624444961548;0.21329811215400696;217;2;58
-0.3476012349128723;0.21503958106040955;218;2;59
-0.35044065117836;0.21679608523845673;219;2;60
-0.3532100319862366;0.21861568093299866;220;2;61
-0.35594817996025085;0.2204453945159912;221;2;62
-0.3586922585964203;0.2222636193037033;222;2;63
-0.3614318370819092;0.22396905720233917;223;2;64
-0.3642817437648773;0.2256166934967041;224;2;65
-0.36714309453964233;0.2273208051919937;225;2;66
-0.36989977955818176;0.22924867272377014;226;2;67
-0.3725343644618988;0.23129861056804657;227;2;68
-0.37515726685523987;0.23340359330177307;228;2;69
-0.37768813967704773;0.23546771705150604;229;2;70
-0.3803219199180603;0.23745763301849365;230;2;71
-0.3830750286579132;0.2393910139799118;231;2;72
-0.3858168423175812;0.24142016470432281;232;2;73
-0.3884493112564087;0.24357689917087555;233;2;74
-0.3910759389400482;0.2457583248615265;234;2;75
-0.39373070001602173;0.24796250462532043;235;2;76
-0.39637869596481323;0.25007736682891846;236;2;77
-0.39916956424713135;0.25184160470962524;237;2;78
-0.401950478553772;0.2535686492919922;238;3;0
-0.4046837091445923;0.25541114807128906;239;3;1
-0.4073408544063568;0.25750163197517395;240;3;2
-0.40991780161857605;0.2597191035747528;241;3;3
-0.412396103143692;0.26201197504997253;242;3;4
-0.4149092733860016;0.2642657160758972;243;3;5
-0.4175184369087219;0.2664339542388916;244;3;6
-0.4201050102710724;0.268526166677475;245;3;7
-0.4226519763469696;0.2706634998321533;246;3;8
-0.4252249002456665;0.27278652787208557;247;3;9
-0.4278661012649536;0.2748619616031647;248;3;10
-0.4304998517036438;0.276999831199646;249;3;11
-0.4330676794052124;0.2791748642921448;250;3;12
-0.43561533093452454;0.2813444435596466;251;3;13
-0.43805694580078125;0.28367358446121216;252;3;14
-0.4405100345611572;0.2860647737979889;253;3;15
-0.44305509328842163;0.28828319907188416;254;3;16
-0.44562405347824097;0.290470689535141;255;3;17
-0.4481412172317505;0.2926604747772217;256;3;18
-0.4506230354309082;0.29500579833984375;257;3;19
-0.45313164591789246;0.29728963971138;258;3;20
-0.4556041359901428;0.2996445894241333;259;3;21
-0.4580259919166565;0.3020525276660919;260;3;22
-0.4605504274368286;0.3042949140071869;261;3;23
-0.46316632628440857;0.3063625693321228;262;3;24
-0.465840607881546;0.30839917063713074;263;3;25
-0.4684368073940277;0.3105562627315521;264;3;26
-0.47087571024894714;0.31299588084220886;265;3;27
-0.47330307960510254;0.31534862518310547;266;3;28
-0.47579729557037354;0.3175197243690491;267;3;29
-0.4782801866531372;0.31963515281677246;268;3;30
-0.48074859380722046;0.3217090964317322;269;3;31
-0.4833087921142578;0.32370588183403015;270;3;32
-0.4858418405056;0.32579556107521057;271;3;33
-0.4883849620819092;0.32791194319725037;272;3;34
-0.4908641278743744;0.33013877272605896;273;3;35
-0.493316650390625;0.33237138390541077;274;3;36
-0.495784193277359;0.33466196060180664;275;3;37
-0.49825236201286316;0.3370040953159332;276;3;38
-0.5006627440452576;0.33949196338653564;277;3;39
-0.5030564665794373;0.34196650981903076;278;3;40
-0.5054858326911926;0.3443072438240051;279;3;41
-0.5078166127204895;0.34683001041412354;280;3;42
-0.5100073218345642;0.3495221734046936;281;3;43
-0.5122944712638855;0.3522520661354065;282;3;44
-0.5147020816802979;0.35477617383003235;283;3;45
-0.5170722007751465;0.35728463530540466;284;3;46
-0.519408643245697;0.3597840368747711;285;3;47
-0.5216088891029358;0.3624436557292938;286;3;48
-0.5237663984298706;0.3651946485042572;287;3;49
-0.5260562300682068;0.36772966384887695;288;3;50
-0.5285373330116272;0.3699088990688324;289;3;51
-0.5311003923416138;0.37195268273353577;290;3;52
-0.5336230397224426;0.37399494647979736;291;3;53
-0.5360748767852783;0.37617892026901245;292;3;54
-0.5386016964912415;0.37822696566581726;293;3;55
-0.5411733984947205;0.3802277743816376;294;3;56
-0.5436822175979614;0.38230612874031067;295;3;57
-0.5460855960845947;0.384456992149353;296;3;58
-0.5484665036201477;0.386694997549057;297;3;59
-0.5509093999862671;0.38874566555023193;298;3;60
-0.553459107875824;0.3906134366989136;299;3;61
-0.5559897422790527;0.3926049768924713;300;3;62
-0.5584261417388916;0.39466652274131775;301;3;63
-0.5607743263244629;0.39681553840637207;302;3;64
-0.5631309151649475;0.39901530742645264;303;3;65
-0.5654327869415283;0.4014866352081299;304;3;66
-0.5677365064620972;0.4041171967983246;305;3;67
-0.5699304342269897;0.40690362453460693;306;3;68
-0.5721499919891357;0.4095630347728729;307;3;69
-0.5743515491485596;0.41202354431152344;308;3;70
-0.5766299962997437;0.4143729507923126;309;3;71
-0.5789867639541626;0.41644614934921265;310;3;72
-0.5813758969306946;0.41847723722457886;311;3;73
-0.5838004350662231;0.42055657505989075;312;3;74
-0.5862749218940735;0.422474205493927;313;3;75
-0.588790774345398;0.42425981163978577;314;3;76
-0.591322660446167;0.4260256886482239;315;3;77
-0.5938623547554016;0.42806002497673035;316;3;78
-0.5963640213012695;0.43010640144348145;317;4;0
-0.5987244248390198;0.43240973353385925;318;4;1
-0.6010349988937378;0.434838205575943;319;4;2
-0.6032785177230835;0.4373558759689331;320;4;3
-0.6054396033287048;0.439944326877594;321;4;4
-0.6076103448867798;0.44257354736328125;322;4;5
-0.609724223613739;0.44511598348617554;323;4;6
-0.611805260181427;0.4476456940174103;324;4;7
-0.6139307618141174;0.4500753879547119;325;4;8
-0.6160975694656372;0.4523610472679138;326;4;9
-0.6184186339378357;0.45443353056907654;327;4;10
-0.6206940412521362;0.45669159293174744;328;4;11
-0.6229815483093262;0.45897501707077026;329;4;12
-0.6252629160881042;0.4613214135169983;330;4;13
-0.6275765299797058;0.46364396810531616;331;4;14
-0.6299179792404175;0.4657236337661743;332;4;15
-0.6321588158607483;0.46790239214897156;333;4;16
-0.6344575881958008;0.469890832901001;334;4;17
-0.6367786526679993;0.47179126739501953;335;4;18
-0.6390480399131775;0.47375062108039856;336;4;19
-0.6414270997047424;0.4754999577999115;337;4;20
-0.6438965797424316;0.47718682885169983;338;4;21
-0.6463413238525391;0.4788711965084076;339;4;22
-0.6487641930580139;0.4805736839771271;340;4;23
-0.6511229872703552;0.48260676860809326;341;4;24
-0.6533574461936951;0.4848070442676544;342;4;25
-0.6555631160736084;0.4870533049106598;343;4;26
-0.6578381061553955;0.48919934034347534;344;4;27
-0.6601433753967285;0.4913213849067688;345;4;28
-0.6624308824539185;0.49339330196380615;346;4;29
-0.6647709608078003;0.49537551403045654;347;4;30
-0.6671159267425537;0.4973050653934479;348;4;31
-0.669330894947052;0.49946269392967224;349;4;32
-0.6715090274810791;0.5017633438110352;350;4;33
-0.6736175417900085;0.5041113495826721;351;4;34
-0.6756432056427002;0.5067877173423767;352;4;35
-0.6777191758155823;0.5092304944992065;353;4;36
-0.6799044013023376;0.5112593173980713;354;4;37
-0.6820792555809021;0.5132538080215454;355;4;38
-0.6843467354774475;0.5150047540664673;356;4;39
-0.6866768002510071;0.5165717601776123;357;4;40
-0.6887859106063843;0.5184967517852783;358;4;41
-0.6908206939697266;0.5206272006034851;359;4;42
-0.6929017901420593;0.5225844383239746;360;4;43
-0.6949267983436584;0.5247941017150879;361;4;44
-0.6969403028488159;0.5271388292312622;362;4;45
-0.6989416480064392;0.5295044779777527;363;4;46
-0.7009473443031311;0.531603217124939;364;4;47
-0.7031263113021851;0.5334095358848572;365;4;48
-0.7052634358406067;0.5353331565856934;366;4;49
-0.7073320746421814;0.5373513698577881;367;4;50
-0.7094889879226685;0.5392676591873169;368;4;51
-0.7115753889083862;0.5412408113479614;369;4;52
-0.7134606838226318;0.5435607433319092;370;4;53
-0.7152494192123413;0.5460119843482971;371;4;54
-0.7170155644416809;0.5484251976013184;372;4;55
-0.7188504338264465;0.5509494543075562;373;4;56
-0.7207369804382324;0.5534636378288269;374;4;57
-0.7226740717887878;0.5560950040817261;375;4;58
-0.7246875166893005;0.5585675835609436;376;4;59
-0.726902186870575;0.5603429675102234;377;4;60
-0.7291325926780701;0.5619626045227051;378;4;61
-0.7313674688339233;0.5636203289031982;379;4;62
-0.7336339354515076;0.5652916431427002;380;4;63
-0.7357410788536072;0.5672195553779602;381;4;64
-0.7378174662590027;0.5689805746078491;382;4;65
-0.7398625016212463;0.5707796216011047;383;4;66
-0.7419678568840027;0.5724654793739319;384;4;67
-0.7442144155502319;0.5736193060874939;385;4;68
-0.746387243270874;0.575049638748169;386;4;69
-0.7484649419784546;0.5769166350364685;387;4;70
-0.7505322098731995;0.5789329409599304;388;4;71
-0.7524755597114563;0.580901563167572;389;4;72
-0.754459023475647;0.5826197862625122;390;4;73
-0.7565234899520874;0.5841184854507446;391;4;74
-0.7584624290466309;0.5857062339782715;392;4;75
-0.7604015469551086;0.5873643159866333;393;4;76
-0.7623735666275024;0.589188814163208;394;4;77
-0.7642505168914795;0.5912814736366272;395;4;78
