-0.5529347658157349;0.629185676574707;1;0;0
-0.5579676032066345;0.6246401071548462;2;0;1
-0.5629400014877319;0.6202784776687622;3;0;2
-0.5678984522819519;0.6161137819290161;4;0;3
-0.5728690028190613;0.6123167276382446;5;0;4
-0.5777894854545593;0.6092659831047058;6;0;5
-0.5826946496963501;0.6068376898765564;7;0;6
-0.5875950455665588;0.6049886345863342;8;0;7
-0.5924800634384155;0.6024872064590454;9;0;8
-0.597106397151947;0.6023573875427246;10;0;9
-0.6016638278961182;0.6028269529342651;11;0;10
-0.6063591241836548;0.6019665002822876;12;0;11
-0.6111159324645996;0.600179135799408;13;0;12
-0.6157057881355286;0.5998312830924988;14;0;13
-0.6202622056007385;0.5997303128242493;15;0;14
-0.6248463988304138;0.6008833050727844;16;0;15
-0.62931889295578;0.6037030220031738;17;0;16
-0.63377445936203;0.6067429184913635;18;0;17
-0.6382086277008057;0.6088863015174866;19;0;18
-0.642572820186615;0.6110055446624756;20;0;19
-0.647071361541748;0.6129435300827026;21;0;20
-0.6515541672706604;0.61376953125;22;0;21
-0.6559948325157166;0.6159741878509521;23;0;22
-0.6605404615402222;0.6178709864616394;24;0;23
-0.6650562286376953;0.6197648048400879;25;0;24
-0.6694603562355042;0.6222901344299316;26;0;25
-0.6738494038581848;0.6254821419715881;27;0;26
-0.6782553791999817;0.6290324926376343;28;0;27
-0.6827163100242615;0.6324005722999573;29;0;28
-0.6873040199279785;0.6350275874137878;30;0;29
-0.6918835043907166;0.6384678483009338;31;0;30
-0.6963458061218262;0.6426430344581604;32;0;31
-0.7009351253509521;0.6463832855224609;33;0;32
-0.7055082321166992;0.6499800682067871;34;0;33
-0.7098931670188904;0.654393196105957;35;0;34
-0.7140012979507446;0.6602334380149841;36;0;35
-0.7180408835411072;0.6663820147514343;37;0;36
-0.722118616104126;0.6716135740280151;38;0;37
-0.7264100909233093;0.6742258071899414;39;0;38
-0.7307317852973938;0.6769325137138367;40;0;39
-0.7349603772163391;0.6799549460411072;41;0;40
-0.7393319606781006;0.6813629865646362;42;0;41
-0.743904709815979;0.6805365681648254;43;0;42
-0.748435914516449;0.6799773573875427;44;0;43
-0.75281822681427;0.6807820796966553;45;0;44
-0.7569770812988281;0.6842078566551208;46;0;45
-0.7610372304916382;0.6883902549743652;47;0;46
-0.76502525806427;0.6923699975013733;48;0;47
-0.7688852548599243;0.696723222732544;49;0;48
-0.7726746797561646;0.7020209431648254;50;0;49
-0.7765805721282959;0.7070704102516174;51;0;50
-0.7803532481193542;0.713243842124939;52;0;51
-0.7841562032699585;0.718533456325531;53;0;52
-0.7879180908203125;0.723854660987854;54;0;53
-0.791649580001831;0.7291191220283508;55;0;54
-0.7952675819396973;0.7350741028785706;56;0;55
-0.7989383935928345;0.7407937049865723;57;0;56
-0.8027926087379456;0.745231032371521;58;0;57
-0.8068325519561768;0.7475009560585022;59;0;58
-0.8109744787216187;0.7477630972862244;60;0;59
-0.8150344491004944;0.7489052414894104;61;0;60
-0.8190944194793701;0.7505306005477905;62;0;61
-0.8230322599411011;0.7525643706321716;63;0;62
-0.8268511295318604;0.7558954954147339;64;0;63
-0.8307202458381653;0.7585956454277039;65;0;64
-0.8346378207206726;0.7610095739364624;66;0;65
-0.8385377526283264;0.7647115588188171;67;0;66
-0.8426181077957153;0.7673900127410889;68;0;67
-0.8466582894325256;0.7695891261100769;69;0;68
-0.8505406379699707;0.772415816783905;70;0;69
-0.8542870283126831;0.7752577662467957;71;0;70
-0.8580235242843628;0.7776017189025879;72;0;71
-0.861784040927887;0.7794532775878906;73;0;72
-0.8656208515167236;0.7805898189544678;74;0;73
-0.8695653676986694;0.7817161083221436;75;0;74
-0.8733840584754944;0.7829493284225464;76;0;75
-0.8770277500152588;0.7854583263397217;77;0;76
-0.880803108215332;0.7870623469352722;78;0;77
-0.8850247263908386;0.7876694202423096;79;0;78
-0.8892752528190613;0.7891846299171448;80;1;0
-0.893147885799408;0.7911399602890015;81;1;1
-0.8966646790504456;0.7949612736701965;82;1;2
-0.9000122547149658;0.7986182570457458;83;1;3
-0.9034207463264465;0.8027893304824829;84;1;4
-0.9069338440895081;0.8069506287574768;85;1;5
-0.910435140132904;0.8108759522438049;86;1;6
-0.9140588045120239;0.8132687211036682;87;1;7
-0.9177853465080261;0.8147850036621094;88;1;8
-0.9215527772903442;0.8161860108375549;89;1;9
-0.9252968430519104;0.8172809481620789;90;1;10
-0.9290058612823486;0.8177419900894165;91;1;11
-0.9325907230377197;0.8186893463134766;92;1;12
-0.9359652400016785;0.8220612406730652;93;1;13
-0.9395032525062561;0.8254384994506836;94;1;14
-0.9429947137832642;0.8298717737197876;95;1;15
-0.9464062452316284;0.8334068655967712;96;1;16
-0.9501456022262573;0.8345851302146912;97;1;17
-0.9537415504455566;0.8355001211166382;98;1;18
-0.9569726586341858;0.8377293348312378;99;1;19
-0.9599588513374329;0.8413987755775452;100;1;20
-0.9627835750579834;0.8460525274276733;101;1;21
-0.9657015204429626;0.8491780161857605;102;1;22
-0.9685381054878235;0.8526618480682373;103;1;23
-0.9714750051498413;0.8556109070777893;104;1;24
-0.9742400050163269;0.8592692613601685;105;1;25
-0.977042019367218;0.8631598353385925;106;1;26
-0.9801070690155029;0.8663161993026733;107;1;27
-0.9834401607513428;0.8683644533157349;108;1;28
-0.9867240786552429;0.8709123730659485;109;1;29
-0.9896352887153625;0.8746325969696045;110;1;30
-0.9922878742218018;0.8793989419937134;111;1;31
-0.995195209980011;0.8830745816230774;112;1;32
-0.9981280565261841;0.8852629661560059;113;1;33
-1.0012339353561401;0.8857021331787109;114;1;34
-1.0044329166412354;0.8865212798118591;115;1;35
-1.0078083276748657;0.8870639801025391;116;1;36
-1.0114786624908447;0.8868041038513184;117;1;37
-1.0148829221725464;0.887863278388977;118;1;38
-1.018007755279541;0.8892638087272644;119;1;39
-1.021096110343933;0.8910059928894043;120;1;40
-1.0242646932601929;0.8921939730644226;121;1;41
-1.0275391340255737;0.8939903378486633;122;1;42
-1.03094482421875;0.8956868052482605;123;1;43
-1.034199595451355;0.8976931571960449;124;1;44
-1.0374836921691895;0.8994015455245972;125;1;45
-1.0406789779663086;0.9014616012573242;126;1;46
-1.043821930885315;0.9042044878005981;127;1;47
-1.0467394590377808;0.9074968695640564;128;1;48
-1.04942786693573;0.9106782078742981;129;1;49
-1.0522335767745972;0.9125222563743591;130;1;50
-1.0550403594970703;0.9132417440414429;131;1;51
-1.0577991008758545;0.9151679277420044;132;1;52
-1.0606937408447266;0.9170722365379333;133;1;53
-1.0637574195861816;0.9187604188919067;134;1;54
-1.0668388605117798;0.920566737651825;135;1;55
-1.069869041442871;0.921065628528595;136;1;56
-1.07276451587677;0.921056866645813;137;1;57
-1.0753706693649292;0.922218382358551;138;1;58
-1.07790207862854;0.9246571063995361;139;1;59
-1.0807007551193237;0.9253348112106323;140;1;60
-1.0837198495864868;0.9266585111618042;141;1;61
-1.0866912603378296;0.9295472502708435;142;1;62
-1.0894194841384888;0.933727502822876;143;1;63
-1.0920809507369995;0.9375011324882507;144;1;64
-1.0949715375900269;0.9401229619979858;145;1;65
-1.0978864431381226;0.9425284266471863;146;1;66
-1.1007128953933716;0.9441316723823547;147;1;67
-1.1033337116241455;0.945975661277771;148;1;68
-1.1059085130691528;0.9477807879447937;149;1;69
-1.108220100402832;0.9501599073410034;150;1;70
-1.1106343269348145;0.9523684978485107;151;1;71
-1.1133291721343994;0.9539617300033569;152;1;72
-1.1163437366485596;0.9549731612205505;153;1;73
-1.119442105293274;0.9553273916244507;154;1;74
-1.122574806213379;0.9551934003829956;155;1;75
-1.125243067741394;0.9582049250602722;156;1;76
-1.127766489982605;0.9607710242271423;157;1;77
-1.130838394165039;0.9625137448310852;158;1;78
-1.1340030431747437;0.9634091258049011;159;2;0
-1.136806607246399;0.9650239944458008;160;2;1
-1.1396715641021729;0.9648088812828064;161;2;2
-1.142645001411438;0.9635457992553711;162;2;3
-1.1450724601745605;0.9649315476417542;163;2;4
-1.1470823287963867;0.969179630279541;164;2;5
-1.149234414100647;0.972575306892395;165;2;6
-1.151484727859497;0.9753056764602661;166;2;7
-1.1539684534072876;0.9768471121788025;167;2;8
-1.1563440561294556;0.9786067605018616;168;2;9
-1.1586204767227173;0.9795434474945068;169;2;10
-1.1610376834869385;0.9791173338890076;170;2;11
-1.1633775234222412;0.9808206558227539;171;2;12
-1.1658521890640259;0.9820606708526611;172;2;13
-1.1687272787094116;0.980592668056488;173;2;14
-1.1718488931655884;0.9786088466644287;174;2;15
-1.1750199794769287;0.9779571294784546;175;2;16
-1.1775959730148315;0.9809831380844116;176;2;17
-1.1800216436386108;0.9836848378181458;177;2;18
-1.1824969053268433;0.9857217073440552;178;2;19
-1.184954047203064;0.9870643019676208;179;2;20
-1.1872256994247437;0.9886722564697266;180;2;21
-1.1893728971481323;0.9912360310554504;181;2;22
-1.191723346710205;0.9914517998695374;182;2;23
-1.1941534280776978;0.9923570156097412;183;2;24
-1.1966110467910767;0.9926781058311462;184;2;25
-1.199112892150879;0.9911643266677856;185;2;26
-1.2016689777374268;0.9904235005378723;186;2;27
-1.2043986320495605;0.9889469146728516;187;2;28
-1.207122564315796;0.9884376525878906;188;2;29
-1.2098652124404907;0.9880791902542114;189;2;30
-1.2124570608139038;0.9880942702293396;190;2;31
-1.2147767543792725;0.9896808862686157;191;2;32
-1.2170510292053223;0.9924909472465515;192;2;33
-1.2194024324417114;0.9936771392822266;193;2;34
-1.2218207120895386;0.9934729933738708;194;2;35
-1.2245293855667114;0.9922115206718445;195;2;36
-1.2272281646728516;0.9909906983375549;196;2;37
-1.2298178672790527;0.9912534356117249;197;2;38
-1.232268214225769;0.991416335105896;198;2;39
-1.234485387802124;0.9919752478599548;199;2;40
-1.2363799810409546;0.9933435320854187;200;2;41
-1.2380167245864868;0.9959778785705566;201;2;42
-1.2392882108688354;1.00138521194458;202;2;43
-1.2406750917434692;1.0057361125946045;203;2;44
-1.242275595664978;1.0083601474761963;204;2;45
-1.2438453435897827;1.009493112564087;205;2;46
-1.2457430362701416;1.009365439414978;206;2;47
-1.2475260496139526;1.009537696838379;207;2;48
-1.24933922290802;1.0083688497543335;208;2;49
-1.251214861869812;1.0071971416473389;209;2;50
-1.2531418800354004;1.00761878490448;210;2;51
-1.2553759813308716;1.0072625875473022;211;2;52
-1.2574450969696045;1.0074440240859985;212;2;53
-1.259224534034729;1.00910484790802;213;2;54
-1.2611348628997803;1.010819911956787;214;2;55
-1.2631481885910034;1.0117594003677368;215;2;56
-1.265560507774353;1.0116291046142578;216;2;57
-1.2676738500595093;1.0115506649017334;217;2;58
-1.2694568634033203;1.0113091468811035;218;2;59
-1.2708643674850464;1.012122631072998;219;2;60
-1.2722150087356567;1.012514591217041;220;2;61
-1.2734932899475098;1.013436198234558;221;2;62
-1.2749181985855103;1.014573335647583;222;2;63
-1.2765202522277832;1.0154913663864136;223;2;64
-1.278176188468933;1.0174314975738525;224;2;65
-1.2794380187988281;1.0214004516601562;225;2;66
-1.280295491218567;1.025530219078064;226;2;67
-1.2813611030578613;1.02741539478302;227;2;68
-1.2829910516738892;1.028180718421936;228;2;69
-1.2847672700881958;1.027510404586792;229;2;70
-1.286372423171997;1.028468370437622;230;2;71
-1.2878310680389404;1.0299464464187622;231;2;72
-1.2896095514297485;1.0299655199050903;232;2;73
-1.2911181449890137;1.0296207666397095;233;2;74
-1.2922694683074951;1.0306518077850342;234;2;75
-1.2932369709014893;1.0328961610794067;235;2;76
-1.2943341732025146;1.0344799757003784;236;2;77
-1.294681191444397;1.0345220565795898;237;2;78
-1.2945685386657715;1.0348185300827026;238;3;0
-1.2948553562164307;1.0358232259750366;239;3;1
-1.2949970960617065;1.0374250411987305;240;3;2
-1.2956165075302124;1.0366606712341309;241;3;3
-1.296737551689148;1.0361905097961426;242;3;4
-1.2980951070785522;1.0370253324508667;243;3;5
-1.2994047403335571;1.037183165550232;244;3;6
-1.300518274307251;1.0371407270431519;245;3;7
-1.3020256757736206;1.0369549989700317;246;3;8
-1.3038572072982788;1.035506010055542;247;3;9
-1.3060470819473267;1.0333828926086426;248;3;10
-1.3074727058410645;1.0333104133605957;249;3;11
-1.30828058719635;1.0347460508346558;250;3;12
-1.3087525367736816;1.0387024879455566;251;3;13
-1.3092758655548096;1.0422179698944092;252;3;14
-1.3104687929153442;1.043729543685913;253;3;15
-1.3122642040252686;1.0432415008544922;254;3;16
-1.3137881755828857;1.0432015657424927;255;3;17
-1.3152116537094116;1.0432149171829224;256;3;18
-1.31662917137146;1.04298996925354;257;3;19
-1.3182144165039062;1.0432389974594116;258;3;20
-1.3197822570800781;1.0422475337982178;259;3;21
-1.3210712671279907;1.0419952869415283;260;3;22
-1.3222975730895996;1.0418808460235596;261;3;23
-1.3236913681030273;1.0412474870681763;262;3;24
-1.325344443321228;1.037715196609497;263;3;25
-1.327454686164856;1.0319257974624634;264;3;26
-1.3293217420578003;1.0256999731063843;265;3;27
-1.331116795539856;1.0212833881378174;266;3;28
-1.3328580856323242;1.017954707145691;267;3;29
-1.3347508907318115;1.0132337808609009;268;3;30
-1.3361953496932983;1.009560227394104;269;3;31
-1.3374384641647339;1.00873601436615;270;3;32
-1.338660478591919;1.0091664791107178;271;3;33
-1.3398098945617676;1.0085065364837646;272;3;34
-1.3414033651351929;1.0067267417907715;273;3;35
-1.3429584503173828;1.0039726495742798;274;3;36
-1.3438384532928467;1.0040255784988403;275;3;37
-1.3443098068237305;1.006412148475647;276;3;38
-1.3449244499206543;1.0086355209350586;277;3;39
-1.3461989164352417;1.0098841190338135;278;3;40
-1.3482304811477661;1.007698893547058;279;3;41
-1.350136637687683;1.0043222904205322;280;3;42
-1.3519084453582764;1.0004825592041016;281;3;43
-1.3538799285888672;0.9973636865615845;282;3;44
-1.3556183576583862;0.9947251081466675;283;3;45
-1.3569711446762085;0.9936655163764954;284;3;46
-1.3580429553985596;0.9947911500930786;285;3;47
-1.358938217163086;0.9966227412223816;286;3;48
-1.3594310283660889;0.998786211013794;287;3;49
-1.3601374626159668;0.9986947178840637;288;3;50
-1.3606902360916138;0.9984666109085083;289;3;51
-1.3610072135925293;1.000044584274292;290;3;52
-1.36104416847229;1.0020097494125366;291;3;53
-1.3614249229431152;1.0035051107406616;292;3;54
-1.3626835346221924;1.0010548830032349;293;3;55
-1.364435076713562;0.9971564412117004;294;3;56
-1.3653438091278076;0.9949612021446228;295;3;57
-1.3657361268997192;0.9946150183677673;296;3;58
-1.3659414052963257;0.9946220517158508;297;3;59
-1.3664897680282593;0.9940131306648254;298;3;60
-1.3665311336517334;0.9949079751968384;299;3;61
-1.3665485382080078;0.9961754679679871;300;3;62
-1.3665180206298828;0.9983197450637817;301;3;63
-1.366159439086914;1.0006675720214844;302;3;64
-1.3665976524353027;0.9996899962425232;303;3;65
-1.3677390813827515;0.9962009787559509;304;3;66
-1.3691080808639526;0.9927781224250793;305;3;67
-1.370917558670044;0.9875912666320801;306;3;68
-1.37228524684906;0.9824351668357849;307;3;69
-1.3734545707702637;0.979202151298523;308;3;70
-1.3748972415924072;0.9775430560112;309;3;71
-1.376230001449585;0.9759795069694519;310;3;72
-1.3773330450057983;0.9729334712028503;311;3;73
-1.378150224685669;0.9714688658714294;312;3;74
-1.3787914514541626;0.9699833989143372;313;3;75
-1.3790593147277832;0.968241810798645;314;3;76
-1.3788589239120483;0.9675642251968384;315;3;77
-1.3761383295059204;0.9726174473762512;316;3;78
-1.3731434345245361;0.979187548160553;317;4;0
-1.3712390661239624;0.9845591187477112;318;4;1
-1.3700602054595947;0.9883856773376465;319;4;2
-1.3693081140518188;0.9913549423217773;320;4;3
-1.3691787719726562;0.9933673143386841;321;4;4
-1.369509220123291;0.9927030801773071;322;4;5
-1.3699254989624023;0.9894822835922241;323;4;6
-1.36997652053833;0.9887148141860962;324;4;7
-1.3699175119400024;0.9885883331298828;325;4;8
-1.3700268268585205;0.9874512553215027;326;4;9
-1.3698338270187378;0.985327959060669;327;4;10
-1.3698562383651733;0.9813308715820312;328;4;11
-1.3703064918518066;0.9764031767845154;329;4;12
-1.3708235025405884;0.9724381566047668;330;4;13
-1.3714005947113037;0.9698072075843811;331;4;14
-1.3722792863845825;0.9670983552932739;332;4;15
-1.3732163906097412;0.9641202092170715;333;4;16
-1.3741933107376099;0.9610453844070435;334;4;17
-1.3754057884216309;0.95635586977005;335;4;18
-1.37672758102417;0.9507551789283752;336;4;19
-1.3777025938034058;0.9463578462600708;337;4;20
-1.3785796165466309;0.9436094760894775;338;4;21
-1.3791663646697998;0.9396442770957947;339;4;22
-1.3785814046859741;0.9377577900886536;340;4;23
-1.3782734870910645;0.9361460208892822;341;4;24
-1.3778595924377441;0.9358848333358765;342;4;25
-1.3772474527359009;0.9372145533561707;343;4;26
-1.37690269947052;0.9366466403007507;344;4;27
-1.3769137859344482;0.9352806210517883;345;4;28
-1.3765555620193481;0.9342350959777832;346;4;29
-1.3760833740234375;0.9332031607627869;347;4;30
-1.3762534856796265;0.9322279095649719;348;4;31
-1.3762034177780151;0.933829665184021;349;4;32
-1.375910997390747;0.9354327321052551;350;4;33
-1.375815749168396;0.9358276128768921;351;4;34
-1.3758496046066284;0.9357538223266602;352;4;35
-1.3758971691131592;0.9369833469390869;353;4;36
-1.3758002519607544;0.9380373954772949;354;4;37
-1.3748509883880615;0.9386578798294067;355;4;38
-1.3744868040084839;0.9372406601905823;356;4;39
-1.3743510246276855;0.9352907538414001;357;4;40
-1.3747068643569946;0.9331130981445312;358;4;41
-1.3748424053192139;0.9308386445045471;359;4;42
-1.3745965957641602;0.928084135055542;360;4;43
-1.3752505779266357;0.9234806299209595;361;4;44
-1.3761875629425049;0.9187887907028198;362;4;45
-1.3768547773361206;0.9163639545440674;363;4;46
-1.3776782751083374;0.9131339192390442;364;4;47
-1.3785947561264038;0.9094988107681274;365;4;48
-1.3790836334228516;0.9066067337989807;366;4;49
-1.379184603691101;0.9040467739105225;367;4;50
-1.3795138597488403;0.9020636081695557;368;4;51
-1.379594326019287;0.9012609720230103;369;4;52
-1.3793437480926514;0.9009224772453308;370;4;53
-1.3793983459472656;0.898537814617157;371;4;54
-1.3791128396987915;0.8975657820701599;372;4;55
-1.378185510635376;0.8988600969314575;373;4;56
-1.377714991569519;0.8996855020523071;374;4;57
-1.3771287202835083;0.8997921943664551;375;4;58
-1.3767253160476685;0.8988091349601746;376;4;59
-1.3768131732940674;0.8957886099815369;377;4;60
-1.3771452903747559;0.892132043838501;378;4;61
-1.3768595457077026;0.8894981741905212;379;4;62
-1.3765404224395752;0.8865660429000854;380;4;63
-1.3753979206085205;0.8861726522445679;381;4;64
-1.3740640878677368;0.8863513469696045;382;4;65
-1.3732547760009766;0.8845793008804321;383;4;66
-1.3725343942642212;0.8810697197914124;384;4;67
-1.3721318244934082;0.8768712878227234;385;4;68
-1.371429204940796;0.873816967010498;386;4;69
-1.3698995113372803;0.8735882639884949;387;4;70
-1.367864966392517;0.8738788366317749;388;4;71
-1.3661246299743652;0.8736787438392639;389;4;72
-1.3644038438796997;0.872711181640625;390;4;73
-1.3633122444152832;0.8709487318992615;391;4;74
-1.3624305725097656;0.8690406084060669;392;4;75
-1.3608297109603882;0.8684046268463135;393;4;76
-1.3591322898864746;0.86773681640625;394;4;77
-1.3568191528320312;0.8680856227874756;395;4;78
-1.3555374145507812;0.86888587474823;396;5;0
-1.3547520637512207;0.8688174486160278;397;5;1
-1.353676199913025;0.8684378862380981;398;5;2
-1.351671576499939;0.8698107600212097;399;5;3
-1.3501235246658325;0.8696586489677429;400;5;4
-1.3494986295700073;0.8679465651512146;401;5;5
-1.3488808870315552;0.8663650155067444;402;5;6
-1.3480116128921509;0.8660916090011597;403;5;7
-1.3473615646362305;0.864229679107666;404;5;8
-1.3471331596374512;0.860969603061676;405;5;9
-1.3467286825180054;0.8558016419410706;406;5;10
-1.346683382987976;0.8507318496704102;407;5;11
-1.3458842039108276;0.8466756343841553;408;5;12
-1.3432385921478271;0.8449179530143738;409;5;13
-1.3411701917648315;0.8427287340164185;410;5;14
-1.3402783870697021;0.8384793400764465;411;5;15
-1.3393912315368652;0.8342989683151245;412;5;16
-1.3387502431869507;0.8301292657852173;413;5;17
-1.3377896547317505;0.8266781568527222;414;5;18
-1.336129903793335;0.8242648839950562;415;5;19
-1.3343533277511597;0.822571337223053;416;5;20
-1.3329323530197144;0.8213465809822083;417;5;21
-1.331140398979187;0.8195712566375732;418;5;22
-1.3291385173797607;0.8184109330177307;419;5;23
-1.3275104761123657;0.8165686130523682;420;5;24
-1.3261592388153076;0.8139916658401489;421;5;25
-1.3249081373214722;0.8108235597610474;422;5;26
-1.3233321905136108;0.8089315295219421;423;5;27
-1.3220078945159912;0.8067650198936462;424;5;28
-1.3212730884552002;0.8028663396835327;425;5;29
-1.3206802606582642;0.7976627945899963;426;5;30
-1.319999098777771;0.7932657599449158;427;5;31
-1.3191128969192505;0.7896128296852112;428;5;32
-1.3182636499404907;0.7861155271530151;429;5;33
-1.3169057369232178;0.7831500172615051;430;5;34
-1.3155409097671509;0.7807868123054504;431;5;35
-1.3135310411453247;0.7792826890945435;432;5;36
-1.3112481832504272;0.7775514721870422;433;5;37
-1.310137152671814;0.7738328576087952;434;5;38
-1.3090351819992065;0.7695583701133728;435;5;39
-1.3079293966293335;0.7665525674819946;436;5;40
-1.3073835372924805;0.763992428779602;437;5;41
-1.3071904182434082;0.760576069355011;438;5;42
-1.3068022727966309;0.7562140226364136;439;5;43
-1.3057061433792114;0.753954291343689;440;5;44
-1.303884744644165;0.7525421380996704;441;5;45
-1.3010433912277222;0.7521070837974548;442;5;46
-1.298626184463501;0.7513566613197327;443;5;47
-1.2967332601547241;0.7482829093933105;444;5;48
-1.2949849367141724;0.7447180151939392;445;5;49
-1.293438196182251;0.7424046397209167;446;5;50
-1.2918586730957031;0.7403535842895508;447;5;51
-1.2902332544326782;0.7384628653526306;448;5;52
-1.2873563766479492;0.7388675212860107;449;5;53
-1.2834250926971436;0.7385895252227783;450;5;54
-1.280422329902649;0.7368952631950378;451;5;55
-1.2781156301498413;0.7339692115783691;452;5;56
-1.2763819694519043;0.7310439348220825;453;5;57
-1.2749838829040527;0.7282180190086365;454;5;58
-1.2736647129058838;0.7258602976799011;455;5;59
-1.2723795175552368;0.7243688702583313;456;5;60
-1.270389437675476;0.722561240196228;457;5;61
-1.268174648284912;0.7212324142456055;458;5;62
-1.2662278413772583;0.7194511890411377;459;5;63
-1.2650130987167358;0.71622234582901;460;5;64
-1.2645630836486816;0.7121825218200684;461;5;65
-1.2639384269714355;0.7088345885276794;462;5;66
-1.2616310119628906;0.7084733247756958;463;5;67
-1.2594096660614014;0.7063234448432922;464;5;68
-1.2581852674484253;0.7024888396263123;465;5;69
-1.2574344873428345;0.6970247030258179;466;5;70
-1.2571614980697632;0.692533552646637;467;5;71
-1.2559603452682495;0.6898938417434692;468;5;72
-1.2546385526657104;0.6884353160858154;469;5;73
-1.2531468868255615;0.686242938041687;470;5;74
-1.2515169382095337;0.6834285855293274;471;5;75
-1.2492074966430664;0.681649923324585;472;5;76
-1.246076226234436;0.6806434988975525;473;5;77
-1.2438122034072876;0.6786507964134216;474;5;78
-1.2425305843353271;0.6752262115478516;475;6;0
-1.240660309791565;0.6739979982376099;476;6;1
-1.2378525733947754;0.6741241812705994;477;6;2
-1.235346794128418;0.6729784607887268;478;6;3
-1.2330315113067627;0.671136736869812;479;6;4
-1.2304688692092896;0.6698706150054932;480;6;5
-1.2274879217147827;0.66872638463974;481;6;6
-1.2247854471206665;0.6664124727249146;482;6;7
-1.222210168838501;0.6652771830558777;483;6;8
-1.2196294069290161;0.6634337902069092;484;6;9
-1.2174559831619263;0.6602556705474854;485;6;10
-1.2150096893310547;0.657016932964325;486;6;11
-1.2130701541900635;0.6531547904014587;487;6;12
-1.2112575769424438;0.6487008929252625;488;6;13
-1.2093859910964966;0.6447348594665527;489;6;14
-1.2077932357788086;0.641459584236145;490;6;15
-1.2053948640823364;0.6398866176605225;491;6;16
-1.2018169164657593;0.6397731900215149;492;6;17
-1.1983031034469604;0.6400864124298096;493;6;18
-1.195779800415039;0.6396933794021606;494;6;19
-1.19412362575531;0.6388982534408569;495;6;20
-1.1927902698516846;0.636357843875885;496;6;21
-1.192222237586975;0.6315187811851501;497;6;22
-1.190839171409607;0.6287915706634521;498;6;23
-1.1882455348968506;0.626110315322876;499;6;24
-1.1862308979034424;0.6222293376922607;500;6;25
-1.1845948696136475;0.6174405217170715;501;6;26
-1.182906985282898;0.6130658388137817;502;6;27
-1.1815783977508545;0.6085532903671265;503;6;28
-1.1794931888580322;0.6062268018722534;504;6;29
-1.1770248413085938;0.6043342351913452;505;6;30
-1.1755162477493286;0.6014593839645386;506;6;31
-1.1733165979385376;0.5997978448867798;507;6;32
-1.1711149215698242;0.5970866680145264;508;6;33
-1.169588565826416;0.5938499569892883;509;6;34
-1.167845606803894;0.5920363068580627;510;6;35
-1.1651558876037598;0.5914548635482788;511;6;36
-1.1619688272476196;0.5907446146011353;512;6;37
-1.1592379808425903;0.5891952514648438;513;6;38
-1.1570154428482056;0.586772620677948;514;6;39
-1.155414342880249;0.5838327407836914;515;6;40
-1.1538817882537842;0.5806128978729248;516;6;41
-1.1523138284683228;0.5769862532615662;517;6;42
-1.151440143585205;0.5733562111854553;518;6;43
-1.150801420211792;0.5684904456138611;519;6;44
-1.149304747581482;0.5640373826026917;520;6;45
-1.1472587585449219;0.5583891868591309;521;6;46
-1.1462620496749878;0.5522923469543457;522;6;47
-1.144372820854187;0.5476315021514893;523;6;48
-1.1425297260284424;0.5447381734848022;524;6;49
-1.1400035619735718;0.5425544381141663;525;6;50
-1.137029767036438;0.5408020615577698;526;6;51
-1.1330510377883911;0.5401048064231873;527;6;52
-1.128684163093567;0.5403698086738586;528;6;53
-1.1240758895874023;0.5407606959342957;529;6;54
-1.119986891746521;0.5407581329345703;530;6;55
-1.1167043447494507;0.5399833917617798;531;6;56
-1.1139475107192993;0.5368046760559082;532;6;57
-1.1112173795700073;0.5331571102142334;533;6;58
-1.1083019971847534;0.5312067866325378;534;6;59
-1.1054661273956299;0.5285640954971313;535;6;60
-1.1026849746704102;0.5252177715301514;536;6;61
-1.099406123161316;0.5231903791427612;537;6;62
-1.0967422723770142;0.522132396697998;538;6;63
-1.095320701599121;0.5198877453804016;539;6;64
-1.0936611890792847;0.5180608034133911;540;6;65
-1.0899760723114014;0.5183849930763245;541;6;66
-1.085322618484497;0.5183202028274536;542;6;67
-1.0820748805999756;0.5160061717033386;543;6;68
-1.0798496007919312;0.5135108232498169;544;6;69
-1.0783300399780273;0.5107247829437256;545;6;70
-1.0758845806121826;0.5088797807693481;546;6;71
-1.0721079111099243;0.5088359117507935;547;6;72
-1.068498134613037;0.5087831020355225;548;6;73
-1.0661673545837402;0.5070860981941223;549;6;74
-1.0643227100372314;0.5047296285629272;550;6;75
-1.0618207454681396;0.5019286870956421;551;6;76
-1.0594216585159302;0.4980486035346985;552;6;77
-1.0551303625106812;0.4952554404735565;553;6;78
-1.050136685371399;0.49535560607910156;554;7;0
-1.0464556217193604;0.4942454993724823;555;7;1
-1.0435924530029297;0.49204808473587036;556;7;2
-1.0414724349975586;0.48878926038742065;557;7;3
-1.0390971899032593;0.4866051971912384;558;7;4
-1.0362777709960938;0.4849089980125427;559;7;5
-1.0332974195480347;0.4835969805717468;560;7;6
-1.0294026136398315;0.48316413164138794;561;7;7
-1.0255662202835083;0.48152416944503784;562;7;8
-1.0225869417190552;0.4782169759273529;563;7;9
-1.0201362371444702;0.4739729166030884;564;7;10
-1.0174022912979126;0.46986135840415955;565;7;11
-1.014052391052246;0.4660140872001648;566;7;12
-1.0109609365463257;0.4634974002838135;567;7;13
-1.0079647302627563;0.4615653455257416;568;7;14
-1.00583815574646;0.45843231678009033;569;7;15
-1.00363290309906;0.4562838077545166;570;7;16
-0.9999047517776489;0.45452970266342163;571;7;17
-0.9956627488136292;0.45320776104927063;572;7;18
-0.9909958839416504;0.452727347612381;573;7;19
-0.9863605499267578;0.4522964656352997;574;7;20
-0.9819049835205078;0.45141273736953735;575;7;21
-0.9776859879493713;0.44970399141311646;576;7;22
-0.9745999574661255;0.4469068646430969;577;7;23
-0.971706211566925;0.44367414712905884;578;7;24
-0.9694786667823792;0.4402170479297638;579;7;25
-0.9673393964767456;0.4372084140777588;580;7;26
-0.9656743407249451;0.4342113435268402;581;7;27
-0.9636117815971375;0.4311549663543701;582;7;28
-0.9614462852478027;0.42778244614601135;583;7;29
-0.9594548940658569;0.423922061920166;584;7;30
-0.9572274684906006;0.42013242840766907;585;7;31
-0.9542160034179688;0.41756996512413025;586;7;32
-0.950409471988678;0.41520336270332336;587;7;33
-0.9465333223342896;0.41297265887260437;588;7;34
-0.943602442741394;0.4104832112789154;589;7;35
-0.9408912658691406;0.4070214033126831;590;7;36
-0.9400674104690552;0.4014876186847687;591;7;37
-0.9385783672332764;0.3969801962375641;592;7;38
-0.9368166327476501;0.39314353466033936;593;7;39
-0.9345216155052185;0.39053577184677124;594;7;40
-0.9325119256973267;0.3883311450481415;595;7;41
-0.9300580620765686;0.38529184460639954;596;7;42
-0.9270820021629333;0.3821386992931366;597;7;43
-0.9235446453094482;0.3793606460094452;598;7;44
-0.9205687642097473;0.37672093510627747;599;7;45
-0.9187152981758118;0.37367913126945496;600;7;46
-0.9170728325843811;0.37075015902519226;601;7;47
-0.9160553216934204;0.3664267063140869;602;7;48
-0.9164381623268127;0.3614054024219513;603;7;49
-0.916541337966919;0.35633575916290283;604;7;50
-0.9166839122772217;0.3518483340740204;605;7;51
-0.9160386919975281;0.3481643497943878;606;7;52
-0.91445392370224;0.3456117808818817;607;7;53
-0.9131572842597961;0.3436053693294525;608;7;54
-0.912645161151886;0.3416925370693207;609;7;55
-0.9127238988876343;0.33986470103263855;610;7;56
-0.9129168391227722;0.3366760015487671;611;7;57
-0.913236141204834;0.33326900005340576;612;7;58
-0.9124841690063477;0.3319489657878876;613;7;59
-0.9097560048103333;0.3328067660331726;614;7;60
-0.9064184427261353;0.3342586159706116;615;7;61
-0.9028690457344055;0.33661627769470215;616;7;62
-0.9001134634017944;0.3382061719894409;617;7;63
-0.897778332233429;0.3398718535900116;618;7;64
-0.895030677318573;0.34077829122543335;619;7;65
-0.8912000060081482;0.34243711829185486;620;7;66
-0.887944221496582;0.3437131941318512;621;7;67
-0.885097861289978;0.3436460494995117;622;7;68
-0.8820800185203552;0.3429642617702484;623;7;69
-0.8787326216697693;0.3425530195236206;624;7;70
-0.8749446272850037;0.34117570519447327;625;7;71
-0.8719103336334229;0.33821895718574524;626;7;72
-0.8697013854980469;0.3349020779132843;627;7;73
-0.8677400350570679;0.3333599269390106;628;7;74
-0.8655369281768799;0.33258354663848877;629;7;75
-0.8628612756729126;0.33311745524406433;630;7;76
-0.8592604994773865;0.33450764417648315;631;7;77
-0.856557309627533;0.3350534439086914;632;7;78
-0.8542506098747253;0.333096444606781;633;8;0
-0.8520882725715637;0.33121922612190247;634;8;1
-0.8484916687011719;0.33094456791877747;635;8;2
-0.8445878028869629;0.32977595925331116;636;8;3
-0.8405386209487915;0.32833966612815857;637;8;4
-0.8376476764678955;0.32641521096229553;638;8;5
-0.8351326584815979;0.32335543632507324;639;8;6
-0.8330532908439636;0.3199079632759094;640;8;7
-0.8303685188293457;0.3171130418777466;641;8;8
-0.8275653123855591;0.3151623010635376;642;8;9
-0.8253874778747559;0.3132266700267792;643;8;10
-0.8240201473236084;0.31014615297317505;644;8;11
-0.8231769800186157;0.30737677216529846;645;8;12
-0.8215958476066589;0.30466628074645996;646;8;13
-0.821050763130188;0.30084753036499023;647;8;14
-0.8203471899032593;0.29761695861816406;648;8;15
-0.819290816783905;0.29410073161125183;649;8;16
-0.817628800868988;0.2917117774486542;650;8;17
-0.8152230381965637;0.2907450497150421;651;8;18
-0.8123773336410522;0.2884480655193329;652;8;19
-0.8104196190834045;0.2841058373451233;653;8;20
-0.8073525428771973;0.2801719307899475;654;8;21
-0.8045798540115356;0.27648454904556274;655;8;22
-0.8019585013389587;0.2731422185897827;656;8;23
-0.798816978931427;0.27065667510032654;657;8;24
-0.7956023812294006;0.26871031522750854;658;8;25
-0.791523814201355;0.2683226764202118;659;8;26
-0.7873691320419312;0.26762858033180237;660;8;27
-0.7833610773086548;0.26727795600891113;661;8;28
-0.7807667851448059;0.26695916056632996;662;8;29
-0.7777773141860962;0.2674168348312378;663;8;30
-0.774458110332489;0.2682666778564453;664;8;31
-0.7718917727470398;0.26675817370414734;665;8;32
-0.7686753869056702;0.2654610872268677;666;8;33
-0.7643609642982483;0.2645414173603058;667;8;34
-0.7601883411407471;0.26393187046051025;668;8;35
-0.7560550570487976;0.26455605030059814;669;8;36
-0.752547562122345;0.2649574279785156;670;8;37
-0.7503920793533325;0.26358792185783386;671;8;38
-0.7476823925971985;0.2618718147277832;672;8;39
-0.7454327940940857;0.2603428363800049;673;8;40
-0.7445907592773438;0.2577311098575592;674;8;41
-0.7434569001197815;0.2553022503852844;675;8;42
-0.7425140738487244;0.2527259588241577;676;8;43
-0.7405097484588623;0.2500988245010376;677;8;44
-0.737230122089386;0.24925225973129272;678;8;45
-0.73336261510849;0.2492186576128006;679;8;46
-0.7304458022117615;0.24752838909626007;680;8;47
-0.728687584400177;0.24455000460147858;681;8;48
-0.7266030311584473;0.24253442883491516;682;8;49
-0.7241324186325073;0.24159179627895355;683;8;50
-0.7207554578781128;0.2413170039653778;684;8;51
-0.7174276113510132;0.24053971469402313;685;8;52
-0.7145490646362305;0.23907651007175446;686;8;53
-0.7123445272445679;0.23715578019618988;687;8;54
-0.7099622488021851;0.23529204726219177;688;8;55
-0.7081151008605957;0.23380650579929352;689;8;56
-0.7057479023933411;0.23304453492164612;690;8;57
-0.7032659649848938;0.23349013924598694;691;8;58
-0.7009730935096741;0.23339343070983887;692;8;59
-0.6987447738647461;0.23224547505378723;693;8;60
-0.6972354650497437;0.23024186491966248;694;8;61
-0.6958288550376892;0.22852039337158203;695;8;62
-0.6943969130516052;0.22698505222797394;696;8;63
-0.6929307579994202;0.22527818381786346;697;8;64
-0.6898617148399353;0.22383016347885132;698;8;65
-0.6870294809341431;0.2221435010433197;699;8;66
-0.6841835379600525;0.22015821933746338;700;8;67
-0.6815985441207886;0.21824157238006592;701;8;68
-0.6806190013885498;0.21596397459506989;702;8;69
-0.6804784536361694;0.21263818442821503;703;8;70
-0.6809641718864441;0.20922371745109558;704;8;71
-0.6799001097679138;0.20588262379169464;705;8;72
-0.6779933571815491;0.20363092422485352;706;8;73
-0.6758444309234619;0.20195744931697845;707;8;74
-0.6751686334609985;0.19943340122699738;708;8;75
-0.6743454933166504;0.19747787714004517;709;8;76
-0.6723001599311829;0.19710612297058105;710;8;77
-0.6717303395271301;0.19493632018566132;711;8;78
-0.6713083386421204;0.1922815591096878;712;9;0
-0.6706289052963257;0.19061528146266937;713;9;1
-0.6700348258018494;0.1900460422039032;714;9;2
-0.6686294674873352;0.19002428650856018;715;9;3
-0.6668885350227356;0.19046112895011902;716;9;4
-0.6651430130004883;0.18997256457805634;717;9;5
-0.6632131934165955;0.18889835476875305;718;9;6
-0.6608763337135315;0.18741309642791748;719;9;7
-0.6597127318382263;0.1858900785446167;720;9;8
-0.6579501628875732;0.18494439125061035;721;9;9
-0.6538072228431702;0.18545889854431152;722;9;10
-0.6491941213607788;0.18659639358520508;723;9;11
-0.6460539102554321;0.18746386468410492;724;9;12
-0.6441488265991211;0.1883648931980133;725;9;13
-0.6432287693023682;0.18757669627666473;726;9;14
-0.6426098346710205;0.18639640510082245;727;9;15
-0.6409547328948975;0.18589115142822266;728;9;16
-0.6389104127883911;0.18520013988018036;729;9;17
-0.6355448365211487;0.18439796566963196;730;9;18
-0.6318292021751404;0.18452048301696777;731;9;19
-0.6285898685455322;0.18405236303806305;732;9;20
-0.6266838312149048;0.18232931196689606;733;9;21
-0.624548614025116;0.18134231865406036;734;9;22
-0.6220214366912842;0.18009892106056213;735;9;23
-0.6199729442596436;0.17863336205482483;736;9;24
-0.618532121181488;0.17665041983127594;737;9;25
-0.6168724298477173;0.17568129301071167;738;9;26
-0.6150805354118347;0.1740937978029251;739;9;27
-0.6142691373825073;0.17159660160541534;740;9;28
-0.6132678985595703;0.16885679960250854;741;9;29
-0.6126783490180969;0.16536925733089447;742;9;30
-0.610925555229187;0.16298481822013855;743;9;31
-0.6087697744369507;0.16155369579792023;744;9;32
-0.6074587106704712;0.15984933078289032;745;9;33
-0.6064435243606567;0.15824539959430695;746;9;34
-0.6056663990020752;0.15705686807632446;747;9;35
-0.6041017770767212;0.15609490871429443;748;9;36
-0.6019915342330933;0.15504896640777588;749;9;37
-0.6001031994819641;0.15415352582931519;750;9;38
-0.5983273386955261;0.1529189944267273;751;9;39
-0.5964610576629639;0.15178422629833221;752;9;40
-0.5943886041641235;0.15136151015758514;753;9;41
-0.5930526852607727;0.15114271640777588;754;9;42
-0.5931122303009033;0.15030062198638916;755;9;43
-0.5926191806793213;0.14970248937606812;756;9;44
-0.5903027057647705;0.14992043375968933;757;9;45
-0.5868338346481323;0.15061625838279724;758;9;46
-0.5830086469650269;0.15208640694618225;759;9;47
-0.5804793834686279;0.15288934111595154;760;9;48
-0.5788666009902954;0.153201162815094;761;9;49
-0.5769469141960144;0.15353892743587494;762;9;50
-0.5748329758644104;0.15357542037963867;763;9;51
-0.5728736519813538;0.15328185260295868;764;9;52
-0.5693095922470093;0.15279462933540344;765;9;53
-0.5647907257080078;0.15276916325092316;766;9;54
-0.5609601736068726;0.15334951877593994;767;9;55
-0.5584131479263306;0.15295903384685516;768;9;56
-0.5552198886871338;0.15183855593204498;769;9;57
-0.5520815253257751;0.15065979957580566;770;9;58
-0.5501737594604492;0.14920182526111603;771;9;59
-0.5497122406959534;0.14674893021583557;772;9;60
-0.548810601234436;0.14451013505458832;773;9;61
-0.5471550822257996;0.14229658246040344;774;9;62
-0.5456239581108093;0.1395685076713562;775;9;63
-0.543245792388916;0.13604766130447388;776;9;64
-0.5411227941513062;0.13339537382125854;777;9;65
-0.5407952070236206;0.13026902079582214;778;9;66
-0.5406273007392883;0.12730832397937775;779;9;67
-0.5396748781204224;0.12634159624576569;780;9;68
-0.5384519696235657;0.12592019140720367;781;9;69
-0.5378739833831787;0.12503251433372498;782;9;70
-0.5363505482673645;0.12410707771778107;783;9;71
-0.5330172777175903;0.12587527930736542;784;9;72
-0.531286358833313;0.12673722207546234;785;9;73
-0.5316956639289856;0.12571150064468384;786;9;74
-0.5312743782997131;0.12529686093330383;787;9;75
-0.5298866629600525;0.12593390047550201;788;9;76
-0.5279574394226074;0.1267682909965515;789;9;77
-0.5247390866279602;0.1300395429134369;790;9;78
-0.5230816602706909;0.13329553604125977;791;10;0
-0.5210591554641724;0.13543327152729034;792;10;1
-0.5202017426490784;0.13667164742946625;793;10;2
-0.5205392837524414;0.13498739898204803;794;10;3
-0.5199103355407715;0.1339830905199051;795;10;4
-0.5181180238723755;0.13285833597183228;796;10;5
-0.5159158110618591;0.13047882914543152;797;10;6
-0.5147139430046082;0.12754566967487335;798;10;7
-0.5134512782096863;0.12538541853427887;799;10;8
-0.5118032693862915;0.12331229448318481;800;10;9
-0.511201798915863;0.12134703993797302;801;10;10
-0.5104500651359558;0.12056101858615875;802;10;11
-0.5082288384437561;0.12106897681951523;803;10;12
-0.5053448677062988;0.1207938864827156;804;10;13
-0.5026550889015198;0.1202382892370224;805;10;14
-0.5001749396324158;0.11968324333429337;806;10;15
-0.4984893500804901;0.1182197704911232;807;10;16
-0.4961383044719696;0.11698300391435623;808;10;17
-0.4921109974384308;0.1156519204378128;809;10;18
-0.4900100529193878;0.11340948939323425;810;10;19
-0.4889359474182129;0.11156032979488373;811;10;20
-0.4878912568092346;0.1103278174996376;812;10;21
-0.4867742359638214;0.1095866858959198;813;10;22
-0.4862094521522522;0.10862983018159866;814;10;23
-0.48695147037506104;0.10707958042621613;815;10;24
-0.4872775375843048;0.10576073825359344;816;10;25
-0.4877762198448181;0.10408031940460205;817;10;26
-0.48789337277412415;0.10189304500818253;818;10;27
-0.4888680577278137;0.10097014904022217;819;10;28
-0.4887049198150635;0.10063085705041885;820;10;29
-0.4877960979938507;0.1006477028131485;821;10;30
-0.4876677095890045;0.10119321197271347;822;10;31
-0.4867156744003296;0.10156895220279694;823;10;32
-0.4856261610984802;0.1018381416797638;824;10;33
-0.4852831959724426;0.1019357368350029;825;10;34
-0.4851405620574951;0.10197088867425919;826;10;35
-0.48515594005584717;0.10203641653060913;827;10;36
-0.4852847754955292;0.10197355598211288;828;10;37
-0.48537150025367737;0.10229498147964478;829;10;38
-0.48509639501571655;0.10241103172302246;830;10;39
-0.48490384221076965;0.10210779309272766;831;10;40
-0.4827157258987427;0.10285220295190811;832;10;41
-0.4801803231239319;0.10345012694597244;833;10;42
-0.47740739583969116;0.10413067787885666;834;10;43
-0.4740848243236542;0.10484364628791809;835;10;44
-0.4704904854297638;0.10572598874568939;836;10;45
-0.4659361243247986;0.10739348083734512;837;10;46
-0.4619078040122986;0.10852059721946716;838;10;47
-0.4602976143360138;0.10827326774597168;839;10;48
-0.45857056975364685;0.10771576315164566;840;10;49
-0.45675528049468994;0.10668085515499115;841;10;50
-0.4545592665672302;0.10551277548074722;842;10;51
-0.4520910382270813;0.10412915796041489;843;10;52
-0.4508274495601654;0.10191059857606888;844;10;53
-0.44840237498283386;0.0999673455953598;845;10;54
-0.4439321458339691;0.09988109022378922;846;10;55
-0.43967726826667786;0.10056653618812561;847;10;56
-0.437608927488327;0.09955819696187973;848;10;57
-0.43636277318000793;0.09772652387619019;849;10;58
-0.435710608959198;0.09616744518280029;850;10;59
-0.4343780279159546;0.09528433531522751;851;10;60
-0.4338363707065582;0.09394147992134094;852;10;61
-0.43405643105506897;0.0919095054268837;853;10;62
-0.4355953633785248;0.08991903811693192;854;10;63
-0.435968816280365;0.08887279033660889;855;10;64
-0.4350126385688782;0.08776681125164032;856;10;65
-0.4334196448326111;0.08810880035161972;857;10;66
-0.4316355586051941;0.08998715877532959;858;10;67
-0.43052154779434204;0.09060400724411011;859;10;68
-0.43023931980133057;0.0903569832444191;860;10;69
-0.42959752678871155;0.08921424299478531;861;10;70
-0.4271482229232788;0.08890083432197571;862;10;71
-0.4247329831123352;0.08883175998926163;863;10;72
-0.4228266179561615;0.0893261656165123;864;10;73
-0.4209575057029724;0.0900714248418808;865;10;74
-0.42089536786079407;0.09029444307088852;866;10;75
-0.42235687375068665;0.08941487222909927;867;10;76
-0.4230053722858429;0.08741606026887894;868;10;77
-0.4231199622154236;0.08498203754425049;869;10;78
-0.4213777482509613;0.0821799635887146;870;11;0
-0.41885602474212646;0.08145580440759659;871;11;1
-0.4173029661178589;0.08091193437576294;872;11;2
-0.41689079999923706;0.08072943985462189;873;11;3
-0.41728726029396057;0.07988764345645905;874;11;4
-0.41625097393989563;0.07853954285383224;875;11;5
-0.4152168929576874;0.07731643319129944;876;11;6
-0.4136963486671448;0.07615983486175537;877;11;7
-0.41160979866981506;0.07555640488862991;878;11;8
-0.40923723578453064;0.07517018914222717;879;11;9
-0.40693122148513794;0.07429606467485428;880;11;10
-0.40626487135887146;0.07424663007259369;881;11;11
-0.4047745168209076;0.07420549541711807;882;11;12
-0.40363726019859314;0.07359063625335693;883;11;13
-0.4020862281322479;0.07295159250497818;884;11;14
-0.40031036734580994;0.07249166071414948;885;11;15
-0.39922720193862915;0.07110017538070679;886;11;16
-0.3987187445163727;0.0693013146519661;887;11;17
-0.39922064542770386;0.06764794886112213;888;11;18
-0.3992807865142822;0.06620238721370697;889;11;19
-0.397944837808609;0.06603200733661652;890;11;20
-0.39660143852233887;0.0668511912226677;891;11;21
-0.39527785778045654;0.06787969917058945;892;11;22
-0.39373672008514404;0.06975723057985306;893;11;23
-0.39170876145362854;0.07097749412059784;894;11;24
-0.3906266689300537;0.07106727361679077;895;11;25
-0.3903006911277771;0.06959349662065506;896;11;26
-0.3915144205093384;0.06817229837179184;897;11;27
-0.39164578914642334;0.06720681488513947;898;11;28
-0.39074477553367615;0.06716711819171906;899;11;29
-0.38853418827056885;0.06770724058151245;900;11;30
-0.386281818151474;0.06744988262653351;901;11;31
-0.38468533754348755;0.06762094050645828;902;11;32
-0.3839400112628937;0.06741220504045486;903;11;33
-0.3826591372489929;0.06735511869192123;904;11;34
-0.38047316670417786;0.0674813985824585;905;11;35
-0.3772311806678772;0.06705165654420853;906;11;36
-0.3723139762878418;0.06681963801383972;907;11;37
-0.3677687644958496;0.06683684140443802;908;11;38
-0.3646349608898163;0.0664578452706337;909;11;39
-0.3632141947746277;0.06604821234941483;910;11;40
-0.361954927444458;0.06635375320911407;911;11;41
-0.35917770862579346;0.06708399206399918;912;11;42
-0.35726654529571533;0.06759532541036606;913;11;43
-0.35605883598327637;0.06749444454908371;914;11;44
-0.3531995713710785;0.06750919669866562;915;11;45
-0.35059404373168945;0.06737051159143448;916;11;46
-0.3496890664100647;0.06641126424074173;917;11;47
-0.34932267665863037;0.06510412693023682;918;11;48
-0.3490866422653198;0.06392239034175873;919;11;49
-0.35002121329307556;0.06233472749590874;920;11;50
-0.3521563410758972;0.060405630618333817;921;11;51
-0.3534093499183655;0.05884520709514618;922;11;52
-0.353122353553772;0.05719863250851631;923;11;53
-0.3525625765323639;0.05566674470901489;924;11;54
-0.3522748053073883;0.053834181278944016;925;11;55
-0.34991633892059326;0.05295032635331154;926;11;56
-0.34737294912338257;0.05247490480542183;927;11;57
-0.34577271342277527;0.051605161279439926;928;11;58
-0.34471195936203003;0.05075973644852638;929;11;59
-0.3445099890232086;0.05072621628642082;930;11;60
-0.34393009543418884;0.05191668123006821;931;11;61
-0.34271201491355896;0.0536816231906414;932;11;62
-0.3425450623035431;0.05511513724923134;933;11;63
-0.3413394093513489;0.056178491562604904;934;11;64
-0.3399614691734314;0.05732068046927452;935;11;65
-0.3394651710987091;0.05700506642460823;936;11;66
-0.3405377268791199;0.05583555996417999;937;11;67
-0.3404400646686554;0.05516473948955536;938;11;68
-0.3397061228752136;0.056125737726688385;939;11;69
-0.34068384766578674;0.05688858404755592;940;11;70
-0.34154850244522095;0.05676897615194321;941;11;71
-0.34192755818367004;0.05551062524318695;942;11;72
-0.3417900800704956;0.05433276668190956;943;11;73
-0.3407958149909973;0.05350193381309509;944;11;74
-0.33924251794815063;0.052789606153964996;945;11;75
-0.3372240364551544;0.05240236595273018;946;11;76
-0.33639290928840637;0.05174901336431503;947;11;77
-0.3362294137477875;0.049653004854917526;948;11;78
-0.3340902030467987;0.0470857173204422;949;12;0
-0.33121851086616516;0.04659705236554146;950;12;1
-0.3297511041164398;0.04635327681899071;951;12;2
-0.32826855778694153;0.04685676470398903;952;12;3
-0.32588842511177063;0.047860655933618546;953;12;4
-0.32320231199264526;0.049421150237321854;954;12;5
-0.3207020163536072;0.04991235211491585;955;12;6
-0.32041648030281067;0.049499619752168655;956;12;7
-0.3205108940601349;0.048607874661684036;957;12;8
-0.32185834646224976;0.047666165977716446;958;12;9
-0.3228705823421478;0.04659423977136612;959;12;10
-0.3228628635406494;0.045337975025177;960;12;11
-0.3232381343841553;0.04384046047925949;961;12;12
-0.323710560798645;0.04222799465060234;962;12;13
-0.3228577971458435;0.0405859649181366;963;12;14
-0.32212623953819275;0.03970067575573921;964;12;15
-0.3208441734313965;0.03924652189016342;965;12;16
-0.3197682201862335;0.03873727098107338;966;12;17
-0.3180270493030548;0.03876792639493942;967;12;18
-0.31571871042251587;0.039837002754211426;968;12;19
-0.31077632308006287;0.04155709594488144;969;12;20
-0.3064475953578949;0.043237414211034775;970;12;21
-0.3026883900165558;0.04429101198911667;971;12;22
-0.29934489727020264;0.04511299729347229;972;12;23
-0.2977291941642761;0.045161549001932144;973;12;24
-0.2958414852619171;0.044322751462459564;974;12;25
-0.2947272062301636;0.04363613203167915;975;12;26
-0.2941540777683258;0.04253555089235306;976;12;27
-0.2932305634021759;0.041124261915683746;977;12;28
-0.2919325828552246;0.04052570089697838;978;12;29
-0.29218587279319763;0.040710654109716415;979;12;30
-0.2934666872024536;0.03995209187269211;980;12;31
-0.2934283912181854;0.03946844860911369;981;12;32
-0.2933897078037262;0.03952180966734886;982;12;33
-0.2951110303401947;0.03951384127140045;983;12;34
-0.296725332736969;0.03895324096083641;984;12;35
-0.29768893122673035;0.03930949419736862;985;12;36
-0.29816725850105286;0.03894520923495293;986;12;37
-0.29698312282562256;0.038991641253232956;987;12;38
-0.2955843210220337;0.038867879658937454;988;12;39
-0.2933427393436432;0.039209336042404175;989;12;40
-0.29046323895454407;0.03999597951769829;990;12;41
-0.28656771779060364;0.04073169454932213;991;12;42
-0.2831001281738281;0.041559841483831406;992;12;43
-0.2814042866230011;0.04214750602841377;993;12;44
-0.28062203526496887;0.041554227471351624;994;12;45
-0.2787587642669678;0.041888780891895294;995;12;46
-0.277328759431839;0.041963983327150345;996;12;47
-0.2759554982185364;0.041379570960998535;997;12;48
-0.27528226375579834;0.04049612954258919;998;12;49
-0.2751295268535614;0.039534859359264374;999;12;50
-0.27357110381126404;0.039381805807352066;1000;12;51
-0.27102720737457275;0.03922019153833389;1001;12;52
-0.26881346106529236;0.03936043381690979;1002;12;53
-0.2672598958015442;0.03943455219268799;1003;12;54
-0.2659817039966583;0.039788853377103806;1004;12;55
-0.26438140869140625;0.03925829008221626;1005;12;56
-0.26300543546676636;0.038397230207920074;1006;12;57
-0.2619037330150604;0.037470024079084396;1007;12;58
-0.26231661438941956;0.03610013797879219;1008;12;59
-0.26268813014030457;0.03503507003188133;1009;12;60
-0.2618747055530548;0.03475981950759888;1010;12;61
-0.2621822655200958;0.03389570116996765;1011;12;62
-0.26319342851638794;0.03250332921743393;1012;12;63
-0.2641833424568176;0.031631723046302795;1013;12;64
-0.26468726992607117;0.03168114274740219;1014;12;65
-0.266289621591568;0.031920239329338074;1015;12;66
-0.268776535987854;0.03177701309323311;1016;12;67
-0.27133259177207947;0.03195640444755554;1017;12;68
-0.27210533618927;0.03258929029107094;1018;12;69
-0.2719554305076599;0.032903317362070084;1019;12;70
-0.2723177969455719;0.03275104984641075;1020;12;71
-0.27175161242485046;0.03269149735569954;1021;12;72
-0.2721515893936157;0.03171602636575699;1022;12;73
-0.27233725786209106;0.0314054936170578;1023;12;74
-0.2731989324092865;0.03139184042811394;1024;12;75
-0.2744888663291931;0.03053390607237816;1025;12;76
-0.2753726840019226;0.029802139848470688;1026;12;77
-0.27798759937286377;0.029672179371118546;1027;12;78
-0.27994921803474426;0.02891300804913044;1028;13;0
-0.2797282934188843;0.029445502907037735;1029;13;1
-0.27738121151924133;0.030390925705432892;1030;13;2
-0.27583467960357666;0.03115343675017357;1031;13;3
-0.27510175108909607;0.030923476442694664;1032;13;4
-0.2751917541027069;0.030141914263367653;1033;13;5
-0.2764643728733063;0.029133068397641182;1034;13;6
-0.2786880135536194;0.027566416189074516;1035;13;7
-0.28160351514816284;0.02605895698070526;1036;13;8
-0.28195688128471375;0.026226969435811043;1037;13;9
-0.2809475362300873;0.027731433510780334;1038;13;10
-0.27983295917510986;0.028222771361470222;1039;13;11
-0.27905431389808655;0.028716735541820526;1040;13;12
-0.27752062678337097;0.02957012876868248;1041;13;13
-0.27532732486724854;0.02922198921442032;1042;13;14
-0.27293041348457336;0.028510218486189842;1043;13;15
-0.270062118768692;0.029273850843310356;1044;13;16
-0.266649067401886;0.030286185443401337;1045;13;17
-0.2628708481788635;0.030622903257608414;1046;13;18
-0.2594309449195862;0.03135637193918228;1047;13;19
-0.25593459606170654;0.03224989399313927;1048;13;20
-0.2523360848426819;0.03312503173947334;1049;13;21
-0.24923162162303925;0.03387976810336113;1050;13;22
-0.24690289795398712;0.034044038504362106;1051;13;23
-0.2456837147474289;0.033600062131881714;1052;13;24
-0.2454114705324173;0.032839421182870865;1053;13;25
-0.24618469178676605;0.03163197264075279;1054;13;26
-0.24653750658035278;0.030663318932056427;1055;13;27
-0.24645322561264038;0.029647203162312508;1056;13;28
-0.24717514216899872;0.02840706706047058;1057;13;29
-0.24749818444252014;0.0269028190523386;1058;13;30
-0.24861088395118713;0.025776423513889313;1059;13;31
-0.2513771951198578;0.02509508840739727;1060;13;32
-0.2532555162906647;0.024898773059248924;1061;13;33
-0.2541971802711487;0.024649253115057945;1062;13;34
-0.2545221149921417;0.024731453508138657;1063;13;35
-0.254084050655365;0.024836856871843338;1064;13;36
-0.2532545030117035;0.024756629019975662;1065;13;37
-0.2525426745414734;0.024900900200009346;1066;13;38
-0.25198277831077576;0.024798789992928505;1067;13;39
-0.25095251202583313;0.023710187524557114;1068;13;40
-0.25062984228134155;0.022115619853138924;1069;13;41
-0.2500078082084656;0.021143408492207527;1070;13;42
-0.2492283135652542;0.020503630861639977;1071;13;43
-0.25025659799575806;0.019434131681919098;1072;13;44
-0.2525339126586914;0.018042009323835373;1073;13;45
-0.2544475495815277;0.017814189195632935;1074;13;46
-0.25582870841026306;0.018608862534165382;1075;13;47
-0.2570628523826599;0.019777506589889526;1076;13;48
-0.25787389278411865;0.021176045760512352;1077;13;49
-0.25561174750328064;0.02310950681567192;1078;13;50
-0.2522716522216797;0.024906007573008537;1079;13;51
-0.2505805194377899;0.024796972051262856;1080;13;52
-0.24950429797172546;0.023928193375468254;1081;13;53
-0.24785423278808594;0.023113317787647247;1082;13;54
-0.24713605642318726;0.023502320051193237;1083;13;55
-0.2465347945690155;0.024481184780597687;1084;13;56
-0.2443336397409439;0.025601036846637726;1085;13;57
-0.2418023943901062;0.02654127962887287;1086;13;58
-0.24069517850875854;0.02674051746726036;1087;13;59
-0.2399204671382904;0.02648959867656231;1088;13;60
-0.23807546496391296;0.026277845725417137;1089;13;61
-0.2363644391298294;0.026121649891138077;1090;13;62
-0.23423050343990326;0.02625017799437046;1091;13;63
-0.23082266747951508;0.026613201946020126;1092;13;64
-0.22717493772506714;0.027194641530513763;1093;13;65
-0.224363774061203;0.02704872004687786;1094;13;66
-0.22285358607769012;0.02731366641819477;1095;13;67
-0.21905623376369476;0.02756008505821228;1096;13;68
-0.21633853018283844;0.027059385553002357;1097;13;69
-0.21335698664188385;0.02605312131345272;1098;13;70
-0.20965783298015594;0.026199501007795334;1099;13;71
-0.2054992914199829;0.026828719303011894;1100;13;72
-0.2025867998600006;0.026581939309835434;1101;13;73
-0.20018354058265686;0.026219654828310013;1102;13;74
-0.1980023980140686;0.02626398578286171;1103;13;75
-0.19772282242774963;0.02585558220744133;1104;13;76
-0.19803626835346222;0.025190722197294235;1105;13;77
-0.1944640874862671;0.025459280237555504;1106;13;78
-0.19085900485515594;0.025909768417477608;1107;14;0
-0.18799008429050446;0.025338750332593918;1108;14;1
-0.18436789512634277;0.025137268006801605;1109;14;2
-0.18036602437496185;0.025535456836223602;1110;14;3
-0.17997996509075165;0.02526477538049221;1111;14;4
-0.17896150052547455;0.024735599756240845;1112;14;5
-0.1776704639196396;0.024062149226665497;1113;14;6
-0.17856276035308838;0.021868353709578514;1114;14;7
-0.18079864978790283;0.018937604501843452;1115;14;8
-0.1829017549753189;0.016504038125276566;1116;14;9
-0.18359330296516418;0.015582061372697353;1117;14;10
-0.1850697100162506;0.015117906965315342;1118;14;11
-0.18503296375274658;0.014939776621758938;1119;14;12
-0.18372030556201935;0.015063343569636345;1120;14;13
-0.1834602802991867;0.015485051088035107;1121;14;14
-0.18333373963832855;0.015986261889338493;1122;14;15
-0.1831638216972351;0.016214590519666672;1123;14;16
-0.18416015803813934;0.016671495512127876;1124;14;17
-0.18517668545246124;0.01791853830218315;1125;14;18
-0.1845802217721939;0.01881430670619011;1126;14;19
-0.18560300767421722;0.019015483558177948;1127;14;20
-0.18866252899169922;0.018249336630105972;1128;14;21
-0.19055239856243134;0.017020326107740402;1129;14;22
-0.19261732697486877;0.015461492352187634;1130;14;23
-0.1944853812456131;0.014456653967499733;1131;14;24
-0.19448812305927277;0.01378672756254673;1132;14;25
-0.1924191564321518;0.013721399009227753;1133;14;26
-0.1885540783405304;0.01480652391910553;1134;14;27
-0.18568706512451172;0.015967190265655518;1135;14;28
-0.1836073398590088;0.016818832606077194;1136;14;29
-0.1815842092037201;0.017464030534029007;1137;14;30
-0.17980428040027618;0.018213627859950066;1138;14;31
-0.1789625585079193;0.018809234723448753;1139;14;32
-0.17925217747688293;0.018719840794801712;1140;14;33
-0.18112923204898834;0.01755395717918873;1141;14;34
-0.18457691371440887;0.016516011208295822;1142;14;35
-0.18747523427009583;0.016291648149490356;1143;14;36
-0.18824109435081482;0.01609567180275917;1144;14;37
-0.18603888154029846;0.016921011731028557;1145;14;38
-0.1819978654384613;0.01799827069044113;1146;14;39
-0.17901554703712463;0.01897299289703369;1147;14;40
-0.17817452549934387;0.019170548766851425;1148;14;41
-0.17873838543891907;0.01864928938448429;1149;14;42
-0.1786624938249588;0.018453022465109825;1150;14;43
-0.17863605916500092;0.01785181649029255;1151;14;44
-0.17637722194194794;0.01730249635875225;1152;14;45
-0.17257283627986908;0.017024239525198936;1153;14;46
-0.16946764290332794;0.017002243548631668;1154;14;47
-0.16639097034931183;0.01680673100054264;1155;14;48
-0.1634981334209442;0.01714608445763588;1156;14;49
-0.16306138038635254;0.016877245157957077;1157;14;50
-0.16280902922153473;0.01633722521364689;1158;14;51
-0.16287761926651;0.015524833463132381;1159;14;52
-0.16467969119548798;0.014647030271589756;1160;14;53
-0.1654375195503235;0.013669531792402267;1161;14;54
-0.16620859503746033;0.013321725651621819;1162;14;55
-0.1668974757194519;0.013244547881186008;1163;14;56
-0.168956458568573;0.012266053818166256;1164;14;57
-0.16944338381290436;0.011480767279863358;1165;14;58
-0.1684875190258026;0.010867485776543617;1166;14;59
-0.16872447729110718;0.010239411145448685;1167;14;60
-0.1689826399087906;0.009999609552323818;1168;14;61
-0.16943292319774628;0.009471195749938488;1169;14;62
-0.16978676617145538;0.009609991684556007;1170;14;63
-0.1704494059085846;0.009859942831099033;1171;14;64
-0.1703452467918396;0.010165595449507236;1172;14;65
-0.17016445100307465;0.010578402318060398;1173;14;66
-0.17055799067020416;0.011094227433204651;1174;14;67
-0.17086756229400635;0.011554992757737637;1175;14;68
-0.1702490746974945;0.011598421260714531;1176;14;69
-0.17064329981803894;0.010991960763931274;1177;14;70
-0.17063896358013153;0.010066366754472256;1178;14;71
-0.17014457285404205;0.009497768245637417;1179;14;72
-0.17007826268672943;0.009186374954879284;1180;14;73
-0.16883635520935059;0.009362608194351196;1181;14;74
-0.16793233156204224;0.00988213811069727;1182;14;75
-0.16719692945480347;0.010075590573251247;1183;14;76
-0.16685912013053894;0.010434946045279503;1184;14;77
-0.1655186414718628;0.012263854034245014;1185;14;78
-0.1647215038537979;0.014140920713543892;1186;15;0
-0.16487400233745575;0.015312587842345238;1187;15;1
-0.16574549674987793;0.015570180490612984;1188;15;2
-0.16853129863739014;0.015024920925498009;1189;15;3
-0.17239953577518463;0.014121864922344685;1190;15;4
-0.1752525418996811;0.012625074945390224;1191;15;5
-0.1783367395401001;0.011056356132030487;1192;15;6
-0.18148010969161987;0.010325025767087936;1193;15;7
-0.1840635985136032;0.00964529812335968;1194;15;8
-0.18510432541370392;0.009598263539373875;1195;15;9
-0.18311554193496704;0.010683340020477772;1196;15;10
-0.180457204580307;0.011838163249194622;1197;15;11
-0.17776179313659668;0.012836574576795101;1198;15;12
-0.1761329174041748;0.013371593318879604;1199;15;13
-0.17567911744117737;0.012756274081766605;1200;15;14
-0.17403312027454376;0.011976183392107487;1201;15;15
-0.17059555649757385;0.012447874993085861;1202;15;16
-0.1686689406633377;0.012807468883693218;1203;15;17
-0.16742226481437683;0.013017532415688038;1204;15;18
-0.16606532037258148;0.01233181357383728;1205;15;19
-0.165086030960083;0.011633244343101978;1206;15;20
-0.1652514636516571;0.010926675982773304;1207;15;21
-0.16476799547672272;0.010743629187345505;1208;15;22
-0.16271983087062836;0.010828442871570587;1209;15;23
-0.1610202193260193;0.01067892275750637;1210;15;24
-0.1600133776664734;0.010764476843178272;1211;15;25
-0.15880535542964935;0.010842942632734776;1212;15;26
-0.15701134502887726;0.01070404052734375;1213;15;27
-0.15461766719818115;0.010807289741933346;1214;15;28
-0.15420524775981903;0.010552098043262959;1215;15;29
-0.15314026176929474;0.009948674589395523;1216;15;30
-0.1513342410326004;0.009608295746147633;1217;15;31
-0.14960280060768127;0.009329213760793209;1218;15;32
-0.14766432344913483;0.009055732749402523;1219;15;33
-0.14704373478889465;0.00884055346250534;1220;15;34
-0.14698469638824463;0.008527862839400768;1221;15;35
-0.14725933969020844;0.00834447331726551;1222;15;36
-0.14702335000038147;0.008557346649467945;1223;15;37
-0.14602123200893402;0.008845137432217598;1224;15;38
-0.14467626810073853;0.009675300680100918;1225;15;39
-0.1438266783952713;0.010921591892838478;1226;15;40
-0.14424055814743042;0.011653097346425056;1227;15;41
-0.1458594650030136;0.011797824874520302;1228;15;42
-0.1477290689945221;0.01168543566018343;1229;15;43
-0.14791440963745117;0.011839083395898342;1230;15;44
-0.147920623421669;0.012042224407196045;1231;15;45
-0.14806944131851196;0.011791510507464409;1232;15;46
-0.14750517904758453;0.011768960393965244;1233;15;47
-0.14693696796894073;0.01223746594041586;1234;15;48
-0.14778491854667664;0.012062295340001583;1235;15;49
-0.14935919642448425;0.01142151653766632;1236;15;50
-0.15049391984939575;0.010883231647312641;1237;15;51
-0.14913815259933472;0.011057230643928051;1238;15;52
-0.14609500765800476;0.011709372512996197;1239;15;53
-0.14222463965415955;0.01359268743544817;1240;15;54
-0.13731203973293304;0.01543564535677433;1241;15;55
-0.1341741383075714;0.015561014413833618;1242;15;56
-0.13292022049427032;0.0153008121997118;1243;15;57
-0.13254314661026;0.01458024512976408;1244;15;58
-0.132893368601799;0.013225127942860126;1245;15;59
-0.1339859515428543;0.011742554605007172;1246;15;60
-0.13409121334552765;0.010649081319570541;1247;15;61
-0.13278310000896454;0.010319752618670464;1248;15;62
-0.13070715963840485;0.00979165080934763;1249;15;63
-0.12880821526050568;0.008883306756615639;1250;15;64
-0.12658050656318665;0.008225738070905209;1251;15;65
-0.12478593736886978;0.007908077910542488;1252;15;66
-0.12256494164466858;0.007010794710367918;1253;15;67
-0.12009842693805695;0.006475747562944889;1254;15;68
-0.11743859946727753;0.0062333582900464535;1255;15;69
-0.1161012277007103;0.006685120053589344;1256;15;70
-0.11608342826366425;0.007111742626875639;1257;15;71
-0.11560418456792831;0.007672079373151064;1258;15;72
-0.11679308116436005;0.008167024701833725;1259;15;73
-0.11989223957061768;0.008044303394854069;1260;15;74
-0.12545570731163025;0.006761438213288784;1261;15;75
-0.1292683482170105;0.0057845464907586575;1262;15;76
-0.13179713487625122;0.005854063667356968;1263;15;77
-0.13272659480571747;0.006186461541801691;1264;15;78
-0.13328875601291656;0.006375026889145374;1265;16;0
-0.1336304098367691;0.006629336625337601;1266;16;1
-0.13326995074748993;0.007057784125208855;1267;16;2
-0.13286907970905304;0.00696540717035532;1268;16;3
-0.13210198283195496;0.00671039056032896;1269;16;4
-0.13175585865974426;0.0067749181762337685;1270;16;5
-0.13311006128787994;0.006824581418186426;1271;16;6
-0.1364418864250183;0.006273836828768253;1272;16;7
-0.13711611926555634;0.006114784628152847;1273;16;8
-0.13620072603225708;0.006718614138662815;1274;16;9
-0.13410955667495728;0.007964208722114563;1275;16;10
-0.1312338411808014;0.009407606907188892;1276;16;11
-0.13100621104240417;0.009988346137106419;1277;16;12
-0.13112565875053406;0.010199958458542824;1278;16;13
-0.13137449324131012;0.009443065151572227;1279;16;14
-0.13128258287906647;0.009230083785951138;1280;16;15
-0.13010327517986298;0.009498437866568565;1281;16;16
-0.1280132234096527;0.010645641013979912;1282;16;17
-0.1253129243850708;0.011327204294502735;1283;16;18
-0.12371587008237839;0.011080793105065823;1284;16;19
-0.1232597604393959;0.010799572803080082;1285;16;20
-0.12399536371231079;0.009685819037258625;1286;16;21
-0.12283920496702194;0.008765469305217266;1287;16;22
-0.11955144256353378;0.00823449157178402;1288;16;23
-0.11729034036397934;0.007987712509930134;1289;16;24
-0.11482246965169907;0.007709046825766563;1290;16;25
-0.11323603242635727;0.007664237171411514;1291;16;26
-0.11203625053167343;0.007920939475297928;1292;16;27
-0.11094590276479721;0.008209586143493652;1293;16;28
-0.11098023504018784;0.007735496386885643;1294;16;29
-0.11269170790910721;0.007305626757442951;1295;16;30
-0.11466841399669647;0.007206939626485109;1296;16;31
-0.11665797978639603;0.007079519797116518;1297;16;32
-0.1179308146238327;0.006574622355401516;1298;16;33
-0.12011905014514923;0.00610766839236021;1299;16;34
-0.1229124516248703;0.006153554189950228;1300;16;35
-0.12401749193668365;0.006106384098529816;1301;16;36
-0.12504492700099945;0.006141056772321463;1302;16;37
-0.12528255581855774;0.006652056705206633;1303;16;38
-0.12448487430810928;0.007428450509905815;1304;16;39
-0.1246621310710907;0.007886623963713646;1305;16;40
-0.12514063715934753;0.007984127849340439;1306;16;41
-0.12598150968551636;0.008023674599826336;1307;16;42
-0.12842535972595215;0.007855934090912342;1308;16;43
-0.12983745336532593;0.008130304515361786;1309;16;44
-0.13014909625053406;0.009046195074915886;1310;16;45
-0.12937553226947784;0.009237434715032578;1311;16;46
-0.12907075881958008;0.009047435596585274;1312;16;47
-0.13064302504062653;0.008297006599605083;1313;16;48
-0.13394659757614136;0.0073975152336061;1314;16;49
-0.13725006580352783;0.006507806945592165;1315;16;50
-0.13998624682426453;0.006429455708712339;1316;16;51
-0.14076656103134155;0.007821565493941307;1317;16;52
-0.1405165195465088;0.00901712290942669;1318;16;53
-0.13963066041469574;0.008920288644731045;1319;16;54
-0.14033885300159454;0.007202956825494766;1320;16;55
-0.1407548040151596;0.005102062597870827;1321;16;56
-0.13864247500896454;0.0046811592765152454;1322;16;57
-0.13421696424484253;0.005903777200728655;1323;16;58
-0.1303919404745102;0.007529925089329481;1324;16;59
-0.12779104709625244;0.00905583519488573;1325;16;60
-0.12555430829524994;0.010228658095002174;1326;16;61
-0.12229514867067337;0.01046314463019371;1327;16;62
-0.11918780207633972;0.009668739512562752;1328;16;63
-0.1164790466427803;0.008381161838769913;1329;16;64
-0.1153913140296936;0.00714758038520813;1330;16;65
-0.1147385910153389;0.006253093481063843;1331;16;66
-0.11380907148122787;0.005861356388777494;1332;16;67
-0.11431781202554703;0.005392090417444706;1333;16;68
-0.11639031022787094;0.005212695337831974;1334;16;69
-0.11723330616950989;0.005158794112503529;1335;16;70
-0.1163998544216156;0.005447074770927429;1336;16;71
-0.11523738503456116;0.005906469654291868;1337;16;72
-0.11460105329751968;0.0058434405364096165;1338;16;73
-0.1142997071146965;0.005731477402150631;1339;16;74
-0.11551107466220856;0.00557160098105669;1340;16;75
-0.11839120090007782;0.005347460508346558;1341;16;76
-0.12048815190792084;0.005367043893784285;1342;16;77
-0.1236850693821907;0.004225537646561861;1343;16;78
-0.1272183656692505;0.002974052680656314;1344;17;0
-0.12976843118667603;0.00227100751362741;1345;17;1
-0.13162235915660858;0.0017607990885153413;1346;17;2
-0.13342545926570892;0.0016294601373374462;1347;17;3
-0.13378730416297913;0.002522166585549712;1348;17;4
-0.13261233270168304;0.0038816684391349554;1349;17;5
-0.13033589720726013;0.005123525392264128;1350;17;6
-0.126895472407341;0.006113812327384949;1351;17;7
-0.12394488602876663;0.00661142123863101;1352;17;8
-0.12165758013725281;0.006705034989863634;1353;17;9
-0.11904028058052063;0.006351574324071407;1354;17;10
-0.1168682724237442;0.006743970327079296;1355;17;11
-0.11484941095113754;0.00719774654135108;1356;17;12
-0.11306382715702057;0.006858248729258776;1357;17;13
-0.11126764863729477;0.007239858154207468;1358;17;14
-0.11028255522251129;0.007138265762478113;1359;17;15
-0.10887934267520905;0.006602132692933083;1360;17;16
-0.10846162587404251;0.006211487110704184;1361;17;17
-0.10737226903438568;0.005485616624355316;1362;17;18
-0.10653962939977646;0.004770032130181789;1363;17;19
-0.10641685873270035;0.004097078461199999;1364;17;20
-0.105715312063694;0.0038357386365532875;1365;17;21
-0.10530576854944229;0.0035551206674426794;1366;17;22
-0.10551290214061737;0.002821235219016671;1367;17;23
-0.10520079731941223;0.003204227890819311;1368;17;24
-0.10489577054977417;0.003528585424646735;1369;17;25
-0.10595913231372833;0.0035612310748547316;1370;17;26
-0.1072205975651741;0.003364201867952943;1371;17;27
-0.10970079898834229;0.003233598545193672;1372;17;28
-0.11049363762140274;0.0035210498608648777;1373;17;29
-0.11082764714956284;0.004038545303046703;1374;17;30
-0.11141501367092133;0.00414835661649704;1375;17;31
-0.11085312813520432;0.004360704217106104;1376;17;32
-0.11038023978471756;0.004464144352823496;1377;17;33
-0.1103612631559372;0.004970728885382414;1378;17;34
-0.10860015451908112;0.0053418660536408424;1379;17;35
-0.10842204838991165;0.004815347492694855;1380;17;36
-0.1079782173037529;0.004761924501508474;1381;17;37
-0.10590603202581406;0.005499938502907753;1382;17;38
-0.10367604345083237;0.006177411414682865;1383;17;39
-0.10037700831890106;0.006754873786121607;1384;17;40
-0.097011998295784;0.0076348185539245605;1385;17;41
-0.09367460757493973;0.00833461619913578;1386;17;42
-0.09171497076749802;0.008409382775425911;1387;17;43
-0.09000477194786072;0.007907018065452576;1388;17;44
-0.08999715745449066;0.006953145377337933;1389;17;45
-0.09002508223056793;0.005772976670414209;1390;17;46
-0.08959460258483887;0.005070515442639589;1391;17;47
-0.08895164728164673;0.004227946978062391;1392;17;48
-0.09040375798940659;0.0031976711470633745;1393;17;49
-0.09237388521432877;0.0015565664507448673;1394;17;50
-0.09303872287273407;0.000750256993342191;1395;17;51
-0.09271851927042007;0.0006226325058378279;1396;17;52
-0.09067846089601517;0.00122765579726547;1397;17;53
-0.08802857249975204;0.0023992853239178658;1398;17;54
-0.08710838109254837;0.003280678763985634;1399;17;55
-0.08574928343296051;0.0036134107504040003;1400;17;56
-0.08402722328901291;0.003662365023046732;1401;17;57
-0.08317746967077255;0.0036394738126546144;1402;17;58
-0.0810466855764389;0.004129958339035511;1403;17;59
-0.07907716929912567;0.004777887370437384;1404;17;60
-0.07914616912603378;0.004802437499165535;1405;17;61
-0.08014551550149918;0.00410266499966383;1406;17;62
-0.08243202418088913;0.0031988564878702164;1407;17;63
-0.08604081720113754;0.0019333839882165194;1408;17;64
-0.08985254168510437;0.0005899435491301119;1409;17;65
-0.09323078393936157;-6.772419874323532e-05;1410;17;66
-0.09440501034259796;0.0004403797211125493;1411;17;67
-0.09327752143144608;0.0011364014353603125;1412;17;68
-0.09270056337118149;0.0019023679196834564;1413;17;69
-0.09133057296276093;0.0031905958894640207;1414;17;70
-0.08921215683221817;0.004290708806365728;1415;17;71
-0.08967803418636322;0.004463078919798136;1416;17;72
-0.0900568813085556;0.004713540431112051;1417;17;73
-0.09069624543190002;0.00435334537178278;1418;17;74
-0.0913078784942627;0.0030281529761850834;1419;17;75
-0.09152412414550781;0.0019651204347610474;1420;17;76
-0.09062276035547256;0.0020617281552404165;1421;17;77
-0.08860251307487488;0.0034529040567576885;1422;17;78
-0.08723891526460648;0.00467783585190773;1423;18;0
-0.08767884224653244;0.005030579399317503;1424;18;1
-0.08901088684797287;0.004658896941691637;1425;18;2
-0.09001278877258301;0.004371147137135267;1426;18;3
-0.08992317318916321;0.004967001266777515;1427;18;4
-0.09061425179243088;0.005895829293876886;1428;18;5
-0.0908031240105629;0.006602312903851271;1429;18;6
-0.09023256599903107;0.006815587170422077;1430;18;7
-0.0896996483206749;0.006985721178352833;1431;18;8
-0.08672507107257843;0.007333734538406134;1432;18;9
-0.08400008082389832;0.006966070272028446;1433;18;10
-0.08325670659542084;0.005503390450030565;1434;18;11
-0.08183161914348602;0.004237552639096975;1435;18;12
-0.07845877856016159;0.0036125914193689823;1436;18;13
-0.07453219592571259;0.0040358598344028;1437;18;14
-0.06995458900928497;0.004518939182162285;1438;18;15
-0.06591930985450745;0.004920346662402153;1439;18;16
-0.06345286220312119;0.005216863006353378;1440;18;17
-0.06260030716657639;0.004946819040924311;1441;18;18
-0.06226605176925659;0.003998877946287394;1442;18;19
-0.06269596517086029;0.002671967726200819;1443;18;20
-0.06285235285758972;0.001788515830412507;1444;18;21
-0.06301835179328918;0.0017179801361635327;1445;18;22
-0.06333900988101959;0.0019017565064132214;1446;18;23
-0.0632893294095993;0.0019020541803911328;1447;18;24
-0.06257325410842896;0.00235219718888402;1448;18;25
-0.06295210123062134;0.0025341433938592672;1449;18;26
-0.06399892270565033;0.002362340223044157;1450;18;27
-0.06576567143201828;0.001586316036991775;1451;18;28
-0.06897285580635071;0.0006921576568856835;1452;18;29
-0.06908910721540451;0.0006798927788622677;1453;18;30
-0.06837320327758789;0.0011764469090849161;1454;18;31
-0.07058493047952652;0.0010676461970433593;1455;18;32
-0.07214999198913574;0.0007535557961091399;1456;18;33
-0.07287020236253738;0.000669559056404978;1457;18;34
-0.072525754570961;0.0008650239906273782;1458;18;35
-0.07261976599693298;0.0009342983830720186;1459;18;36
-0.07229297608137131;0.001326593104749918;1460;18;37
-0.07241357862949371;0.0015179489273577929;1461;18;38
-0.07229356467723846;0.0022446713410317898;1462;18;39
-0.07055342942476273;0.0029626809991896152;1463;18;40
-0.06970696896314621;0.00370487361215055;1464;18;41
-0.07164933532476425;0.0036829677410423756;1465;18;42
-0.07468593120574951;0.0035447776317596436;1466;18;43
-0.077463798224926;0.0034536963794380426;1467;18;44
-0.07876971364021301;0.0033668698742985725;1468;18;45
-0.07972288876771927;0.0030955378897488117;1469;18;46
-0.08092425763607025;0.002621863968670368;1470;18;47
-0.08303453028202057;0.002067773835733533;1471;18;48
-0.08320759981870651;0.002264296868816018;1472;18;49
-0.0828588455915451;0.0028201863169670105;1473;18;50
-0.08279520273208618;0.0032014022581279278;1474;18;51
-0.08340667933225632;0.0024757874198257923;1475;18;52
-0.08525911718606949;0.001155039295554161;1476;18;53
-0.0870579406619072;0.00013956915063317865;1477;18;54
-0.08906234800815582;-0.0012498288415372372;1478;18;55
-0.09124569594860077;-0.00205386895686388;1479;18;56
-0.09037347882986069;-0.0015539299929514527;1480;18;57
-0.08819010108709335;-0.0007027502288110554;1481;18;58
-0.08593140542507172;0.00022679603716824204;1482;18;59
-0.08426214754581451;0.0013073491863906384;1483;18;60
-0.08309943228960037;0.001765583991073072;1484;18;61
-0.08186771720647812;0.0019579706713557243;1485;18;62
-0.08184882998466492;0.001798716839402914;1486;18;63
-0.08118201047182083;0.0019067628309130669;1487;18;64
-0.07963953912258148;0.002110950881615281;1488;18;65
-0.07853137701749802;0.0020722835324704647;1489;18;66
-0.07785862684249878;0.0017185898032039404;1490;18;67
-0.07675892859697342;0.002067799447104335;1491;18;68
-0.07637865841388702;0.002372982446104288;1492;18;69
-0.07574542611837387;0.002797186141833663;1493;18;70
-0.07386244833469391;0.003022077726200223;1494;18;71
-0.07269278168678284;0.0029277384746819735;1495;18;72
-0.0714833214879036;0.003060544840991497;1496;18;73
-0.06968341767787933;0.0029240986332297325;1497;18;74
-0.06791871786117554;0.002447220031172037;1498;18;75
-0.06617686152458191;0.0020815671887248755;1499;18;76
-0.06495849788188934;0.001938710454851389;1500;18;77
-0.062412407249212265;0.003087410470470786;1501;18;78
-0.059825506061315536;0.0040764217264950275;1502;19;0
-0.059300389140844345;0.004270973149687052;1503;19;1
-0.058421649038791656;0.00411628931760788;1504;19;2
-0.05792343243956566;0.0037419407162815332;1505;19;3
-0.05778036639094353;0.0029667734634131193;1506;19;4
-0.05924824997782707;0.0022035781294107437;1507;19;5
-0.06117872893810272;0.0024016520474106073;1508;19;6
-0.06280740350484848;0.0029049257282167673;1509;19;7
-0.06242351606488228;0.0034024359192699194;1510;19;8
-0.06015458330512047;0.004005358088761568;1511;19;9
-0.0599883496761322;0.003845943370833993;1512;19;10
-0.06045864149928093;0.0030299262143671513;1513;19;11
-0.060968197882175446;0.002410422544926405;1514;19;12
-0.06172617897391319;0.001914305379614234;1515;19;13
-0.0630740225315094;0.0014843533281236887;1516;19;14
-0.06437665224075317;0.0013361491728574038;1517;19;15
-0.0631096214056015;0.0019029180984944105;1518;19;16
-0.06215797737240791;0.0022716368548572063;1519;19;17
-0.06196729466319084;0.0023001842200756073;1520;19;18
-0.061812467873096466;0.0018824534490704536;1521;19;19
-0.06349793821573257;0.0014197140699252486;1522;19;20
-0.06560192257165909;0.0014731634873896837;1523;19;21
-0.06672234833240509;0.0020810153800994158;1524;19;22
-0.06766760349273682;0.0024305437691509724;1525;19;23
-0.06764228641986847;0.0028239614330232143;1526;19;24
-0.06651129573583603;0.0035805257502943277;1527;19;25
-0.06468093395233154;0.0032402807846665382;1528;19;26
-0.06249918416142464;0.002721887081861496;1529;19;27
-0.06082529202103615;0.0021802319679409266;1530;19;28
-0.058443550020456314;0.0014911531470716;1531;19;29
-0.05479732155799866;0.0012944673653692007;1532;19;30
-0.05189899355173111;0.0015836328966543078;1533;19;31
-0.05035810545086861;0.0016295338282361627;1534;19;32
-0.05140027031302452;0.0012935902923345566;1535;19;33
-0.052764564752578735;0.001017409493215382;1536;19;34
-0.05159630626440048;0.000969182001426816;1537;19;35
-0.049025051295757294;0.0012207034742459655;1538;19;36
-0.04752277582883835;0.0013621404068544507;1539;19;37
-0.04794881492853165;0.0011972470674663782;1540;19;38
-0.047317977994680405;0.0012347116135060787;1541;19;39
-0.04568559676408768;0.0014746843371540308;1542;19;40
-0.04652801528573036;0.0014121733838692307;1543;19;41
-0.049301277846097946;0.0012060650624334812;1544;19;42
-0.05161489173769951;0.0012820736737921834;1545;19;43
-0.050860289484262466;0.001532190595753491;1546;19;44
-0.050294701009988785;0.0015471348306164145;1547;19;45
-0.05096326768398285;0.001304918434470892;1548;19;46
-0.05326469987630844;0.0005219862214289606;1549;19;47
-0.058018170297145844;-0.0002622537431307137;1550;19;48
-0.06300696730613708;-0.00044679560232907534;1551;19;49
-0.06433065980672836;0.00021644491062033921;1552;19;50
-0.06338240951299667;0.001486211083829403;1553;19;51
-0.0643390566110611;0.0021163453347980976;1554;19;52
-0.06640079617500305;0.0018072421662509441;1555;19;53
-0.06745236366987228;0.000984347308985889;1556;19;54
-0.06727595627307892;0.0005072886124253273;1557;19;55
-0.06789926439523697;0.0004297893319744617;1558;19;56
-0.06997240334749222;-4.2847714212257415e-05;1559;19;57
-0.07103171944618225;-0.0002752819855231792;1560;19;58
-0.07197930663824081;0.0001809242385206744;1561;19;59
-0.07108303904533386;0.0008853417239151895;1562;19;60
-0.0691588819026947;0.0011944627622142434;1563;19;61
-0.06869300454854965;0.0014395074686035514;1564;19;62
-0.06839187443256378;0.0018073032842949033;1565;19;63
-0.06646433472633362;0.002452648477628827;1566;19;64
-0.06464346498250961;0.0035717543214559555;1567;19;65
-0.06238993629813194;0.004348450340330601;1568;19;66
-0.05891326069831848;0.004772202577441931;1569;19;67
-0.05548238381743431;0.004286047536879778;1570;19;68
-0.05250011757016182;0.0035715715494006872;1571;19;69
-0.05113568529486656;0.0028662984259426594;1572;19;70
-0.05090885981917381;0.0021941284649074078;1573;19;71
-0.05046501383185387;0.001469210023060441;1574;19;72
-0.052988678216934204;0.0003610122948884964;1575;19;73
-0.055829763412475586;-0.00038745917845517397;1576;19;74
-0.056732725352048874;-0.0005859941593371332;1577;19;75
-0.056126177310943604;-0.0002695866860449314;1578;19;76
-0.0564800389111042;0.00012458428682293743;1579;19;77
-0.05266857519745827;0.0017746175872161984;1580;19;78
