1.9982305765151978;1;0;0
1.9966320991516113;2;0;1
1.995181918144226;3;0;2
1.9941011667251587;4;0;3
1.992764949798584;5;0;4
1.991396188735962;6;0;5
1.989281415939331;7;0;6
1.9882471561431885;8;0;7
1.986885666847229;9;0;8
1.9857064485549927;10;0;9
1.9849624633789062;11;0;10
1.9838560819625854;12;0;11
1.9827789068222046;13;0;12
1.9815819263458252;14;0;13
1.980208396911621;15;0;14
1.979182481765747;16;0;15
1.9777781963348389;17;0;16
1.976690411567688;18;0;17
1.9755632877349854;19;0;18
1.974003791809082;20;0;19
1.9726589918136597;21;0;20
1.9712860584259033;22;0;21
1.9697580337524414;23;0;22
1.9679805040359497;24;0;23
1.9673219919204712;25;0;24
1.9661459922790527;26;0;25
1.964687705039978;27;0;26
1.9634273052215576;28;0;27
1.961988091468811;29;0;28
1.9597967863082886;30;0;29
1.958362102508545;31;0;30
1.9565322399139404;32;0;31
1.9556021690368652;33;0;32
1.9543763399124146;34;0;33
1.9532679319381714;35;0;34
1.9513872861862183;36;0;35
1.950390338897705;37;0;36
1.949020504951477;38;0;37
1.9475525617599487;39;0;38
1.9457721710205078;40;0;39
1.9444770812988281;41;0;40
1.9433125257492065;42;0;41
1.9418954849243164;43;0;42
1.9405580759048462;44;0;43
1.9385826587677002;45;0;44
1.9372292757034302;46;0;45
1.9353715181350708;47;0;46
1.933964490890503;48;0;47
1.9321463108062744;49;0;48
1.9311834573745728;50;0;49
1.9293310642242432;51;0;50
1.9275927543640137;52;0;51
1.925587773323059;53;0;52
1.9241350889205933;54;0;53
1.9221911430358887;55;0;54
1.9203989505767822;56;0;55
1.9192537069320679;57;0;56
1.9178966283798218;58;0;57
1.9164329767227173;59;0;58
1.9141786098480225;60;0;59
1.9115351438522339;61;0;60
1.9106409549713135;62;0;61
1.9089850187301636;63;0;62
1.9076045751571655;64;0;63
1.9058609008789062;65;0;64
1.9038472175598145;66;0;65
1.9026944637298584;67;0;66
1.9010201692581177;68;0;67
1.8996856212615967;69;0;68
1.8983501195907593;70;0;69
1.897491216659546;71;0;70
1.8960949182510376;72;0;71
1.894999623298645;73;0;72
1.894174337387085;74;0;73
1.89181387424469;75;0;74
1.890005350112915;76;0;75
1.887650728225708;77;0;76
1.8862234354019165;78;0;77
1.882947325706482;79;0;78
1.8816603422164917;80;1;0
1.8801147937774658;81;1;1
1.878015160560608;82;1;2
1.8762763738632202;83;1;3
1.874239206314087;84;1;4
1.872010350227356;85;1;5
1.8701015710830688;86;1;6
1.8679847717285156;87;1;7
1.8663631677627563;88;1;8
1.864449381828308;89;1;9
1.863269329071045;90;1;10
1.8615800142288208;91;1;11
1.859777808189392;92;1;12
1.8577369451522827;93;1;13
1.8562648296356201;94;1;14
1.8549585342407227;95;1;15
1.8529736995697021;96;1;16
1.850265622138977;97;1;17
1.8484514951705933;98;1;18
1.8469293117523193;99;1;19
1.8455816507339478;100;1;20
1.8434351682662964;101;1;21
1.841810941696167;102;1;22
1.8397964239120483;103;1;23
1.8381013870239258;104;1;24
1.8360919952392578;105;1;25
1.8344483375549316;106;1;26
1.8330113887786865;107;1;27
1.8313146829605103;108;1;28
1.8297069072723389;109;1;29
1.828189730644226;110;1;30
1.826229453086853;111;1;31
1.823685884475708;112;1;32
1.821920394897461;113;1;33
1.8195629119873047;114;1;34
1.8176279067993164;115;1;35
1.8157951831817627;116;1;36
1.8128950595855713;117;1;37
1.811031460762024;118;1;38
1.8093417882919312;119;1;39
1.8075249195098877;120;1;40
1.8053041696548462;121;1;41
1.803354263305664;122;1;42
1.8016971349716187;123;1;43
1.800097942352295;124;1;44
1.7982293367385864;125;1;45
1.7964898347854614;126;1;46
1.7940391302108765;127;1;47
1.7925533056259155;128;1;48
1.791105031967163;129;1;49
1.7891366481781006;130;1;50
1.7870407104492188;131;1;51
1.7853511571884155;132;1;52
1.7839031219482422;133;1;53
1.7822637557983398;134;1;54
1.7805380821228027;135;1;55
1.7792688608169556;136;1;56
1.7775770425796509;137;1;57
1.776197075843811;138;1;58
1.7744137048721313;139;1;59
1.7727664709091187;140;1;60
1.770912766456604;141;1;61
1.7689253091812134;142;1;62
1.767300009727478;143;1;63
1.7656053304672241;144;1;64
1.7633414268493652;145;1;65
1.7613985538482666;146;1;66
1.7599049806594849;147;1;67
1.758315920829773;148;1;68
1.7570149898529053;149;1;69
1.755100131034851;150;1;70
1.7532987594604492;151;1;71
1.7521026134490967;152;1;72
1.7502235174179077;153;1;73
1.7479074001312256;154;1;74
1.7454283237457275;155;1;75
1.7436119318008423;156;1;76
1.7416207790374756;157;1;77
1.7390453815460205;158;1;78
1.7375667095184326;159;2;0
1.7356353998184204;160;2;1
1.7342230081558228;161;2;2
1.7328426837921143;162;2;3
1.7310903072357178;163;2;4
1.729019045829773;164;2;5
1.7269543409347534;165;2;6
1.7244399785995483;166;2;7
1.7226985692977905;167;2;8
1.7208770513534546;168;2;9
1.7191815376281738;169;2;10
1.7176309823989868;170;2;11
1.7156391143798828;171;2;12
1.7135854959487915;172;2;13
1.7118099927902222;173;2;14
1.7091015577316284;174;2;15
1.7072304487228394;175;2;16
1.705653429031372;176;2;17
1.7036488056182861;177;2;18
1.701290488243103;178;2;19
1.6995999813079834;179;2;20
1.696709394454956;180;2;21
1.6946285963058472;181;2;22
1.692182183265686;182;2;23
1.6900936365127563;183;2;24
1.688510537147522;184;2;25
1.6863003969192505;185;2;26
1.6839665174484253;186;2;27
1.6827116012573242;187;2;28
1.6802891492843628;188;2;29
1.6785882711410522;189;2;30
1.676499366760254;190;2;31
1.6743381023406982;191;2;32
1.6720714569091797;192;2;33
1.66960871219635;193;2;34
1.6671239137649536;194;2;35
1.6650625467300415;195;2;36
1.6632513999938965;196;2;37
1.6610915660858154;197;2;38
1.6594316959381104;198;2;39
1.6571327447891235;199;2;40
1.6548975706100464;200;2;41
1.6527553796768188;201;2;42
1.651121973991394;202;2;43
1.6491211652755737;203;2;44
1.6472735404968262;204;2;45
1.6452997922897339;205;2;46
1.6426125764846802;206;2;47
1.6411101818084717;207;2;48
1.6395632028579712;208;2;49
1.6377742290496826;209;2;50
1.636335015296936;210;2;51
1.6348665952682495;211;2;52
1.6321747303009033;212;2;53
1.6304094791412354;213;2;54
1.629254698753357;214;2;55
1.6271148920059204;215;2;56
1.6258081197738647;216;2;57
1.623680591583252;217;2;58
1.6219658851623535;218;2;59
1.6204519271850586;219;2;60
1.6178773641586304;220;2;61
1.6160392761230469;221;2;62
1.6136726140975952;222;2;63
1.611703634262085;223;2;64
1.609283685684204;224;2;65
1.6076387166976929;225;2;66
1.6044448614120483;226;2;67
1.6027528047561646;227;2;68
1.6007119417190552;228;2;69
1.5979704856872559;229;2;70
1.594801425933838;230;2;71
1.5930439233779907;231;2;72
1.5914511680603027;232;2;73
1.5894049406051636;233;2;74
1.5869684219360352;234;2;75
1.5852919816970825;235;2;76
1.5821362733840942;236;2;77
1.580303430557251;237;2;78
1.5769368410110474;238;3;0
1.5750658512115479;239;3;1
1.572950839996338;240;3;2
1.5707356929779053;241;3;3
1.5688542127609253;242;3;4
1.5665886402130127;243;3;5
1.5645318031311035;244;3;6
1.5627084970474243;245;3;7
1.5606284141540527;246;3;8
1.5583763122558594;247;3;9
1.556265950202942;248;3;10
1.553846836090088;249;3;11
1.5515167713165283;250;3;12
1.5490696430206299;251;3;13
1.5465996265411377;252;3;14
1.5444446802139282;253;3;15
1.5417442321777344;254;3;16
1.5382639169692993;255;3;17
1.5359383821487427;256;3;18
1.5335367918014526;257;3;19
1.5318018198013306;258;3;20
1.528808355331421;259;3;21
1.5259805917739868;260;3;22
1.5232956409454346;261;3;23
1.5209734439849854;262;3;24
1.518635630607605;263;3;25
1.5165889263153076;264;3;26
1.5141888856887817;265;3;27
1.512137770652771;266;3;28
1.509682536125183;267;3;29
1.506901741027832;268;3;30
1.5046038627624512;269;3;31
1.5020791292190552;270;3;32
1.5004339218139648;271;3;33
1.4976173639297485;272;3;34
1.4959275722503662;273;3;35
1.4937652349472046;274;3;36
1.491395115852356;275;3;37
1.489498496055603;276;3;38
1.4868597984313965;277;3;39
1.4845805168151855;278;3;40
1.4822356700897217;279;3;41
1.4798005819320679;280;3;42
1.4771023988723755;281;3;43
1.4746642112731934;282;3;44
1.4721046686172485;283;3;45
1.4696604013442993;284;3;46
1.4667928218841553;285;3;47
1.4643386602401733;286;3;48
1.462064266204834;287;3;49
1.4594632387161255;288;3;50
1.4575191736221313;289;3;51
1.455039381980896;290;3;52
1.4535088539123535;291;3;53
1.4516664743423462;292;3;54
1.4494298696517944;293;3;55
1.4471392631530762;294;3;56
1.4453465938568115;295;3;57
1.4434752464294434;296;3;58
1.4410223960876465;297;3;59
1.4383524656295776;298;3;60
1.436545491218567;299;3;61
1.4339720010757446;300;3;62
1.4313172101974487;301;3;63
1.4293954372406006;302;3;64
1.4275445938110352;303;3;65
1.425748348236084;304;3;66
1.4235026836395264;305;3;67
1.4212538003921509;306;3;68
1.4190248250961304;307;3;69
1.41718327999115;308;3;70
1.4149291515350342;309;3;71
1.411849856376648;310;3;72
1.409903883934021;311;3;73
1.4077374935150146;312;3;74
1.4059497117996216;313;3;75
1.4036604166030884;314;3;76
1.4008545875549316;315;3;77
1.3959795236587524;316;3;78
1.3936347961425781;317;4;0
1.391634464263916;318;4;1
1.3897901773452759;319;4;2
1.387318730354309;320;4;3
1.3844918012619019;321;4;4
1.3818422555923462;322;4;5
1.3804266452789307;323;4;6
1.377851963043213;324;4;7
1.3754864931106567;325;4;8
1.3727569580078125;326;4;9
1.3704004287719727;327;4;10
1.3684108257293701;328;4;11
1.3659632205963135;329;4;12
1.3639373779296875;330;4;13
1.3618195056915283;331;4;14
1.3601467609405518;332;4;15
1.357682704925537;333;4;16
1.355637788772583;334;4;17
1.3530329465866089;335;4;18
1.3513669967651367;336;4;19
1.3496123552322388;337;4;20
1.3456714153289795;338;4;21
1.3427692651748657;339;4;22
1.3407655954360962;340;4;23
1.338193416595459;341;4;24
1.3365498781204224;342;4;25
1.3342225551605225;343;4;26
1.3318736553192139;344;4;27
1.3295680284500122;345;4;28
1.3264474868774414;346;4;29
1.3247379064559937;347;4;30
1.3220100402832031;348;4;31
1.3201720714569092;349;4;32
1.3176329135894775;350;4;33
1.3153953552246094;351;4;34
1.3121600151062012;352;4;35
1.3095712661743164;353;4;36
1.307090401649475;354;4;37
1.304620623588562;355;4;38
1.302505373954773;356;4;39
1.3006322383880615;357;4;40
1.2983940839767456;358;4;41
1.2963738441467285;359;4;42
1.2937982082366943;360;4;43
1.291914939880371;361;4;44
1.289292573928833;362;4;45
1.2866555452346802;363;4;46
1.285142183303833;364;4;47
1.282362461090088;365;4;48
1.2795226573944092;366;4;49
1.277679681777954;367;4;50
1.2753437757492065;368;4;51
1.2724754810333252;369;4;52
1.2698031663894653;370;4;53
1.2678343057632446;371;4;54
1.266310453414917;372;4;55
1.2633352279663086;373;4;56
1.2604644298553467;374;4;57
1.2575620412826538;375;4;58
1.2543444633483887;376;4;59
1.2524070739746094;377;4;60
1.250701665878296;378;4;61
1.2478166818618774;379;4;62
1.2454326152801514;380;4;63
1.242884874343872;381;4;64
1.2397505044937134;382;4;65
1.2373604774475098;383;4;66
1.2357399463653564;384;4;67
1.2331924438476562;385;4;68
1.2311303615570068;386;4;69
1.2291368246078491;387;4;70
1.2269964218139648;388;4;71
1.224973201751709;389;4;72
1.2226524353027344;390;4;73
1.2201564311981201;391;4;74
1.2182981967926025;392;4;75
1.2155637741088867;393;4;76
1.2135331630706787;394;4;77
1.2109581232070923;395;4;78
1.2093864679336548;396;5;0
1.2075767517089844;397;5;1
1.2053468227386475;398;5;2
1.2024552822113037;399;5;3
1.2002897262573242;400;5;4
1.1980030536651611;401;5;5
1.195761799812317;402;5;6
1.193564534187317;403;5;7
1.1918401718139648;404;5;8
1.1898787021636963;405;5;9
1.1868242025375366;406;5;10
1.1848379373550415;407;5;11
1.182234764099121;408;5;12
1.179918885231018;409;5;13
1.1775703430175781;410;5;14
1.1761237382888794;411;5;15
1.17384934425354;412;5;16
1.171612024307251;413;5;17
1.1701529026031494;414;5;18
1.167929768562317;415;5;19
1.1655961275100708;416;5;20
1.1633692979812622;417;5;21
1.161148190498352;418;5;22
1.1589559316635132;419;5;23
1.15644371509552;420;5;24
1.1542818546295166;421;5;25
1.1517901420593262;422;5;26
1.149954080581665;423;5;27
1.1476553678512573;424;5;28
1.1453076601028442;425;5;29
1.1433124542236328;426;5;30
1.1411843299865723;427;5;31
1.138519525527954;428;5;32
1.1363025903701782;429;5;33
1.1340652704238892;430;5;34
1.1320449113845825;431;5;35
1.128629207611084;432;5;36
1.125840187072754;433;5;37
1.123483419418335;434;5;38
1.121343970298767;435;5;39
1.1187043190002441;436;5;40
1.116040825843811;437;5;41
1.1134459972381592;438;5;42
1.1115556955337524;439;5;43
1.1087210178375244;440;5;44
1.1054096221923828;441;5;45
1.103537678718567;442;5;46
1.1001492738723755;443;5;47
1.0976471900939941;444;5;48
1.0962871313095093;445;5;49
1.094632863998413;446;5;50
1.091886043548584;447;5;51
1.0885330438613892;448;5;52
1.086289644241333;449;5;53
1.0832372903823853;450;5;54
1.0808744430541992;451;5;55
1.079155445098877;452;5;56
1.0769282579421997;453;5;57
1.0738486051559448;454;5;58
1.0716359615325928;455;5;59
1.0692507028579712;456;5;60
1.0662410259246826;457;5;61
1.064313530921936;458;5;62
1.0624263286590576;459;5;63
1.0600128173828125;460;5;64
1.0573426485061646;461;5;65
1.0548975467681885;462;5;66
1.052931547164917;463;5;67
1.0509870052337646;464;5;68
1.0480703115463257;465;5;69
1.0452591180801392;466;5;70
1.0432243347167969;467;5;71
1.040595531463623;468;5;72
1.0385183095932007;469;5;73
1.0360050201416016;470;5;74
1.034377932548523;471;5;75
1.0318458080291748;472;5;76
1.0296622514724731;473;5;77
1.0264381170272827;474;5;78
1.0249561071395874;475;6;0
1.0221412181854248;476;6;1
1.0200080871582031;477;6;2
1.0180491209030151;478;6;3
1.0153592824935913;479;6;4
1.013214111328125;480;6;5
1.010669469833374;481;6;6
1.0080634355545044;482;6;7
1.0056947469711304;483;6;8
1.0036553144454956;484;6;9
1.0017147064208984;485;6;10
0.9996320009231567;486;6;11
0.9977630376815796;487;6;12
0.9952900409698486;488;6;13
0.9933179616928101;489;6;14
0.9911515712738037;490;6;15
0.9889450669288635;491;6;16
0.987057089805603;492;6;17
0.9844284057617188;493;6;18
0.9826868772506714;494;6;19
0.9807196855545044;495;6;20
0.9788151979446411;496;6;21
0.9770142436027527;497;6;22
0.9745189547538757;498;6;23
0.9713858962059021;499;6;24
0.9690521359443665;500;6;25
0.9678170680999756;501;6;26
0.9654567837715149;502;6;27
0.9628372192382812;503;6;28
0.9605177640914917;504;6;29
0.9580029845237732;505;6;30
0.9565662145614624;506;6;31
0.9539581537246704;507;6;32
0.9512424468994141;508;6;33
0.9481099843978882;509;6;34
0.9464897513389587;510;6;35
0.9439723491668701;511;6;36
0.9410203695297241;512;6;37
0.9388435482978821;513;6;38
0.9360206127166748;514;6;39
0.9340404868125916;515;6;40
0.932095468044281;516;6;41
0.9301713109016418;517;6;42
0.9282803535461426;518;6;43
0.9267703890800476;519;6;44
0.9244418144226074;520;6;45
0.9217962622642517;521;6;46
0.9191564321517944;522;6;47
0.9170826077461243;523;6;48
0.9150199890136719;524;6;49
0.9125102162361145;525;6;50
0.9104118943214417;526;6;51
0.9084618091583252;527;6;52
0.9064856171607971;528;6;53
0.9049850702285767;529;6;54
0.9024973511695862;530;6;55
0.9005762338638306;531;6;56
0.8981085419654846;532;6;57
0.895770788192749;533;6;58
0.893185555934906;534;6;59
0.8912950158119202;535;6;60
0.8885762095451355;536;6;61
0.8861799836158752;537;6;62
0.8841656446456909;538;6;63
0.8820999264717102;539;6;64
0.8802492022514343;540;6;65
0.8787901401519775;541;6;66
0.8768028020858765;542;6;67
0.874592661857605;543;6;68
0.8722459673881531;544;6;69
0.8704160451889038;545;6;70
0.8678391575813293;546;6;71
0.8654153943061829;547;6;72
0.8637794852256775;548;6;73
0.8613241910934448;549;6;74
0.8585053086280823;550;6;75
0.8568969964981079;551;6;76
0.8549357652664185;552;6;77
0.8531871438026428;553;6;78
0.8508629202842712;554;7;0
0.8482617139816284;555;7;1
0.8459446430206299;556;7;2
0.8442027568817139;557;7;3
0.8419044017791748;558;7;4
0.8403083086013794;559;7;5
0.8381325006484985;560;7;6
0.8363946080207825;561;7;7
0.8347392678260803;562;7;8
0.8325549364089966;563;7;9
0.8300632238388062;564;7;10
0.8274955153465271;565;7;11
0.8255447745323181;566;7;12
0.8235628008842468;567;7;13
0.8214600682258606;568;7;14
0.8197976350784302;569;7;15
0.8184722065925598;570;7;16
0.8169301152229309;571;7;17
0.8145052790641785;572;7;18
0.811886727809906;573;7;19
0.8099850416183472;574;7;20
0.8081708550453186;575;7;21
0.8063855171203613;576;7;22
0.804126501083374;577;7;23
0.8026375770568848;578;7;24
0.8010547161102295;579;7;25
0.7990381717681885;580;7;26
0.7975964546203613;581;7;27
0.7959093451499939;582;7;28
0.7935612797737122;583;7;29
0.7915765047073364;584;7;30
0.7893092632293701;585;7;31
0.7871623039245605;586;7;32
0.7847772836685181;587;7;33
0.7825152277946472;588;7;34
0.7799899578094482;589;7;35
0.7782028913497925;590;7;36
0.7767139673233032;591;7;37
0.7749700546264648;592;7;38
0.7717538475990295;593;7;39
0.7698575258255005;594;7;40
0.7673706412315369;595;7;41
0.7653378844261169;596;7;42
0.7645814418792725;597;7;43
0.7627966403961182;598;7;44
0.7604816555976868;599;7;45
0.7585700750350952;600;7;46
0.7564885020256042;601;7;47
0.7545435428619385;602;7;48
0.7525138854980469;603;7;49
0.7513940334320068;604;7;50
0.7494926452636719;605;7;51
0.7476016283035278;606;7;52
0.7456706762313843;607;7;53
0.7432454228401184;608;7;54
0.7412952184677124;609;7;55
0.7386976480484009;610;7;56
0.737177848815918;611;7;57
0.7349775433540344;612;7;58
0.7330641150474548;613;7;59
0.7312490344047546;614;7;60
0.7296618223190308;615;7;61
0.7270460724830627;616;7;62
0.7245469689369202;617;7;63
0.7219631671905518;618;7;64
0.7201898694038391;619;7;65
0.7175862789154053;620;7;66
0.7149304151535034;621;7;67
0.7129403352737427;622;7;68
0.7115194201469421;623;7;69
0.7102898955345154;624;7;70
0.7086371779441833;625;7;71
0.7070227265357971;626;7;72
0.7059937715530396;627;7;73
0.7044715285301208;628;7;74
0.701780378818512;629;7;75
0.7005565166473389;630;7;76
0.6981856822967529;631;7;77
0.6952711939811707;632;7;78
0.6931844353675842;633;8;0
0.691653847694397;634;8;1
0.6898474097251892;635;8;2
0.6872833967208862;636;8;3
0.6853002905845642;637;8;4
0.6833702325820923;638;8;5
0.6820608973503113;639;8;6
0.6811349391937256;640;8;7
0.6792418360710144;641;8;8
0.6771450638771057;642;8;9
0.6754714250564575;643;8;10
0.6736408472061157;644;8;11
0.6717984676361084;645;8;12
0.6702463626861572;646;8;13
0.6685217022895813;647;8;14
0.6668564677238464;648;8;15
0.664576530456543;649;8;16
0.6627320051193237;650;8;17
0.6610913872718811;651;8;18
0.6592738628387451;652;8;19
0.6575300693511963;653;8;20
0.6555135846138;654;8;21
0.6526296138763428;655;8;22
0.6504939794540405;656;8;23
0.6491771340370178;657;8;24
0.6479692459106445;658;8;25
0.6467128992080688;659;8;26
0.645496129989624;660;8;27
0.6449275612831116;661;8;28
0.6432120203971863;662;8;29
0.6408247947692871;663;8;30
0.6387537717819214;664;8;31
0.6370029449462891;665;8;32
0.634925127029419;666;8;33
0.6332421898841858;667;8;34
0.6319254636764526;668;8;35
0.630587637424469;669;8;36
0.6291391253471375;670;8;37
0.6273501515388489;671;8;38
0.6265029311180115;672;8;39
0.6250637769699097;673;8;40
0.6228394508361816;674;8;41
0.6212897300720215;675;8;42
0.6199603080749512;676;8;43
0.618248462677002;677;8;44
0.6168559789657593;678;8;45
0.6151180863380432;679;8;46
0.6139137744903564;680;8;47
0.6122987270355225;681;8;48
0.6106184720993042;682;8;49
0.6088578701019287;683;8;50
0.6072292327880859;684;8;51
0.6051585078239441;685;8;52
0.6030727624893188;686;8;53
0.6017740964889526;687;8;54
0.5999556183815002;688;8;55
0.5986027121543884;689;8;56
0.595634937286377;690;8;57
0.5937508940696716;691;8;58
0.5916869640350342;692;8;59
0.5903235077857971;693;8;60
0.589129626750946;694;8;61
0.5877814888954163;695;8;62
0.5867947936058044;696;8;63
0.5850176215171814;697;8;64
0.5832096338272095;698;8;65
0.582013726234436;699;8;66
0.5809919834136963;700;8;67
0.5791386961936951;701;8;68
0.5781473517417908;702;8;69
0.5760805606842041;703;8;70
0.5738615393638611;704;8;71
0.5726926326751709;705;8;72
0.5716161727905273;706;8;73
0.5706040859222412;707;8;74
0.5686944723129272;708;8;75
0.5672913193702698;709;8;76
0.5657731294631958;710;8;77
0.5661895871162415;711;8;78
0.5644642114639282;712;9;0
0.5628063082695007;713;9;1
0.5613518953323364;714;9;2
0.5604497194290161;715;9;3
0.5594973564147949;716;9;4
0.5582355856895447;717;9;5
0.5571292042732239;718;9;6
0.5557236075401306;719;9;7
0.5543826818466187;720;9;8
0.5521467924118042;721;9;9
0.5511570572853088;722;9;10
0.5490878820419312;723;9;11
0.547188937664032;724;9;12
0.5464736819267273;725;9;13
0.5445681810379028;726;9;14
0.5425568222999573;727;9;15
0.5402345657348633;728;9;16
0.5384153127670288;729;9;17
0.5370180010795593;730;9;18
0.5356544256210327;731;9;19
0.5336966514587402;732;9;20
0.5326681733131409;733;9;21
0.5311464667320251;734;9;22
0.5300615429878235;735;9;23
0.529265820980072;736;9;24
0.5277612805366516;737;9;25
0.5266609787940979;738;9;26
0.5255782008171082;739;9;27
0.5243757963180542;740;9;28
0.5228703022003174;741;9;29
0.521599292755127;742;9;30
0.5202900767326355;743;9;31
0.5194885730743408;744;9;32
0.5188480615615845;745;9;33
0.5171954035758972;746;9;34
0.516374409198761;747;9;35
0.5149914622306824;748;9;36
0.512599527835846;749;9;37
0.5120701789855957;750;9;38
0.5106180906295776;751;9;39
0.5086094737052917;752;9;40
0.5072858929634094;753;9;41
0.5057973861694336;754;9;42
0.5048595666885376;755;9;43
0.5030286908149719;756;9;44
0.5019143223762512;757;9;45
0.5011664628982544;758;9;46
0.49924224615097046;759;9;47
0.4977778494358063;760;9;48
0.4960601031780243;761;9;49
0.4944111406803131;762;9;50
0.49330490827560425;763;9;51
0.4916348457336426;764;9;52
0.48956945538520813;765;9;53
0.48791390657424927;766;9;54
0.4870299696922302;767;9;55
0.48571696877479553;768;9;56
0.484062522649765;769;9;57
0.48336556553840637;770;9;58
0.4825229048728943;771;9;59
0.4822487235069275;772;9;60
0.48075857758522034;773;9;61
0.47858843207359314;774;9;62
0.4775477945804596;775;9;63
0.4765521287918091;776;9;64
0.4754040539264679;777;9;65
0.4747765362262726;778;9;66
0.47375258803367615;779;9;67
0.47213342785835266;780;9;68
0.470205157995224;781;9;69
0.4687667191028595;782;9;70
0.4677640497684479;783;9;71
0.4659455716609955;784;9;72
0.4641815423965454;785;9;73
0.462686151266098;786;9;74
0.4621460735797882;787;9;75
0.4615643322467804;788;9;76
0.46010127663612366;789;9;77
0.4584411084651947;790;9;78
0.4573536217212677;791;10;0
0.4562435746192932;792;10;1
0.4556879699230194;793;10;2
0.454709529876709;794;10;3
0.45395055413246155;795;10;4
0.45274749398231506;796;10;5
0.45207858085632324;797;10;6
0.4506084620952606;798;10;7
0.44904279708862305;799;10;8
0.44853436946868896;800;10;9
0.44807565212249756;801;10;10
0.44731950759887695;802;10;11
0.4460395872592926;803;10;12
0.4447510838508606;804;10;13
0.44282445311546326;805;10;14
0.4423162043094635;806;10;15
0.4414818286895752;807;10;16
0.4409581124782562;808;10;17
0.43979498744010925;809;10;18
0.4382231533527374;810;10;19
0.4365082085132599;811;10;20
0.43486103415489197;812;10;21
0.43360453844070435;813;10;22
0.4326525926589966;814;10;23
0.43186989426612854;815;10;24
0.4313458502292633;816;10;25
0.42991378903388977;817;10;26
0.42855551838874817;818;10;27
0.42765501141548157;819;10;28
0.42778778076171875;820;10;29
0.42612892389297485;821;10;30
0.42447009682655334;822;10;31
0.42381551861763;823;10;32
0.42241427302360535;824;10;33
0.4218651056289673;825;10;34
0.4215396046638489;826;10;35
0.4210294187068939;827;10;36
0.4201326370239258;828;10;37
0.4189335107803345;829;10;38
0.41725802421569824;830;10;39
0.4160624146461487;831;10;40
0.4148156940937042;832;10;41
0.414310485124588;833;10;42
0.41348180174827576;834;10;43
0.4121079742908478;835;10;44
0.4108602702617645;836;10;45
0.4093862473964691;837;10;46
0.40808311104774475;838;10;47
0.40717804431915283;839;10;48
0.40592989325523376;840;10;49
0.4049362242221832;841;10;50
0.4041634202003479;842;10;51
0.40258440375328064;843;10;52
0.40107518434524536;844;10;53
0.39882323145866394;845;10;54
0.39851266145706177;846;10;55
0.3977862596511841;847;10;56
0.39615148305892944;848;10;57
0.3948579430580139;849;10;58
0.3935839533805847;850;10;59
0.39247915148735046;851;10;60
0.39088165760040283;852;10;61
0.38992753624916077;853;10;62
0.3879817724227905;854;10;63
0.3872148394584656;855;10;64
0.3858988881111145;856;10;65
0.38485220074653625;857;10;66
0.383622407913208;858;10;67
0.3822922110557556;859;10;68
0.3809671401977539;860;10;69
0.38003435730934143;861;10;70
0.37912145256996155;862;10;71
0.37825676798820496;863;10;72
0.37697264552116394;864;10;73
0.37547004222869873;865;10;74
0.3737275004386902;866;10;75
0.3729426860809326;867;10;76
0.37152957916259766;868;10;77
0.36940115690231323;869;10;78
0.3688889145851135;870;11;0
0.3683113753795624;871;11;1
0.3674308955669403;872;11;2
0.36647549271583557;873;11;3
0.36566174030303955;874;11;4
0.3651750683784485;875;11;5
0.3641375005245209;876;11;6
0.3642764389514923;877;11;7
0.36427855491638184;878;11;8
0.3628905415534973;879;11;9
0.3616359829902649;880;11;10
0.3605591356754303;881;11;11
0.3594169318675995;882;11;12
0.3586246967315674;883;11;13
0.3576427698135376;884;11;14
0.3569927215576172;885;11;15
0.3561194837093353;886;11;16
0.3554513454437256;887;11;17
0.35467734932899475;888;11;18
0.3541608154773712;889;11;19
0.3531534969806671;890;11;20
0.35227131843566895;891;11;21
0.3510676622390747;892;11;22
0.3496354818344116;893;11;23
0.3485715687274933;894;11;24
0.3474787175655365;895;11;25
0.3464074730873108;896;11;26
0.34486109018325806;897;11;27
0.3443090319633484;898;11;28
0.3428710103034973;899;11;29
0.34169501066207886;900;11;30
0.3416198492050171;901;11;31
0.3406587839126587;902;11;32
0.33964356780052185;903;11;33
0.33880630135536194;904;11;34
0.33787691593170166;905;11;35
0.337690532207489;906;11;36
0.3367680609226227;907;11;37
0.3351174592971802;908;11;38
0.3337966203689575;909;11;39
0.3326200544834137;910;11;40
0.3322622776031494;911;11;41
0.33157485723495483;912;11;42
0.33086735010147095;913;11;43
0.32977738976478577;914;11;44
0.3283064663410187;915;11;45
0.3274243175983429;916;11;46
0.3264085352420807;917;11;47
0.3257920444011688;918;11;48
0.32411956787109375;919;11;49
0.32329893112182617;920;11;50
0.32260337471961975;921;11;51
0.3219059109687805;922;11;52
0.3211575448513031;923;11;53
0.3201955258846283;924;11;54
0.31938424706459045;925;11;55
0.3185867369174957;926;11;56
0.3168710768222809;927;11;57
0.316567599773407;928;11;58
0.31502825021743774;929;11;59
0.3141087591648102;930;11;60
0.31279224157333374;931;11;61
0.31169143319129944;932;11;62
0.31016501784324646;933;11;63
0.30987319350242615;934;11;64
0.3087646961212158;935;11;65
0.307625412940979;936;11;66
0.3065696060657501;937;11;67
0.3049910068511963;938;11;68
0.30473896861076355;939;11;69
0.3037288784980774;940;11;70
0.3022880554199219;941;11;71
0.3011187016963959;942;11;72
0.3000921905040741;943;11;73
0.2991229295730591;944;11;74
0.2982160151004791;945;11;75
0.29723724722862244;946;11;76
0.2966630458831787;947;11;77
0.2969275414943695;948;11;78
0.2955693006515503;949;12;0
0.29443836212158203;950;12;1
0.29414910078048706;951;12;2
0.2924659848213196;952;12;3
0.29186567664146423;953;12;4
0.290872186422348;954;12;5
0.2904195487499237;955;12;6
0.2896546423435211;956;12;7
0.2883000671863556;957;12;8
0.2874998152256012;958;12;9
0.287327378988266;959;12;10
0.28651484847068787;960;12;11
0.2861223518848419;961;12;12
0.2856748700141907;962;12;13
0.2849697172641754;963;12;14
0.2833608388900757;964;12;15
0.2822227478027344;965;12;16
0.2813107669353485;966;12;17
0.2805960476398468;967;12;18
0.27975133061408997;968;12;19
0.2792913019657135;969;12;20
0.2791605591773987;970;12;21
0.2788318693637848;971;12;22
0.27780407667160034;972;12;23
0.27672114968299866;973;12;24
0.2760169804096222;974;12;25
0.2749461233615875;975;12;26
0.2735157907009125;976;12;27
0.2728157937526703;977;12;28
0.27196717262268066;978;12;29
0.2715873122215271;979;12;30
0.27062666416168213;980;12;31
0.26977452635765076;981;12;32
0.2684188783168793;982;12;33
0.2680991291999817;983;12;34
0.2669939398765564;984;12;35
0.26585012674331665;985;12;36
0.26486411690711975;986;12;37
0.26392754912376404;987;12;38
0.263936847448349;988;12;39
0.2635146677494049;989;12;40
0.2625543773174286;990;12;41
0.2618485391139984;991;12;42
0.26119834184646606;992;12;43
0.26033225655555725;993;12;44
0.26028525829315186;994;12;45
0.25999677181243896;995;12;46
0.2588859498500824;996;12;47
0.25875067710876465;997;12;48
0.2584034204483032;998;12;49
0.2574557363986969;999;12;50
0.2572948932647705;1000;12;51
0.2560621201992035;1001;12;52
0.2548277974128723;1002;12;53
0.2542837858200073;1003;12;54
0.2541404068470001;1004;12;55
0.25397831201553345;1005;12;56
0.2533186376094818;1006;12;57
0.2519490420818329;1007;12;58
0.2506446838378906;1008;12;59
0.25008919835090637;1009;12;60
0.24965225160121918;1010;12;61
0.24850612878799438;1011;12;62
0.24841786921024323;1012;12;63
0.24817082285881042;1013;12;64
0.24703966081142426;1014;12;65
0.24601465463638306;1015;12;66
0.24547415971755981;1016;12;67
0.24521413445472717;1017;12;68
0.2449248880147934;1018;12;69
0.24426354467868805;1019;12;70
0.2428339570760727;1020;12;71
0.2429560124874115;1021;12;72
0.241571843624115;1022;12;73
0.24043643474578857;1023;12;74
0.23962900042533875;1024;12;75
0.23888938128948212;1025;12;76
0.23734422028064728;1026;12;77
0.23581892251968384;1027;12;78
0.23538263142108917;1028;13;0
0.23472461104393005;1029;13;1
0.23361647129058838;1030;13;2
0.2320452332496643;1031;13;3
0.23110276460647583;1032;13;4
0.23043616116046906;1033;13;5
0.23007996380329132;1034;13;6
0.22909347712993622;1035;13;7
0.22844699025154114;1036;13;8
0.22731292247772217;1037;13;9
0.22669808566570282;1038;13;10
0.22678370773792267;1039;13;11
0.22604632377624512;1040;13;12
0.22540034353733063;1041;13;13
0.2240883857011795;1042;13;14
0.22313159704208374;1043;13;15
0.22179536521434784;1044;13;16
0.22056986391544342;1045;13;17
0.2204655557870865;1046;13;18
0.21955347061157227;1047;13;19
0.21877041459083557;1048;13;20
0.21842722594738007;1049;13;21
0.2176240235567093;1050;13;22
0.21733619272708893;1051;13;23
0.21629765629768372;1052;13;24
0.2156076729297638;1053;13;25
0.21458755433559418;1054;13;26
0.21463914215564728;1055;13;27
0.21390685439109802;1056;13;28
0.21341127157211304;1057;13;29
0.21276651322841644;1058;13;30
0.21182918548583984;1059;13;31
0.21082833409309387;1060;13;32
0.21058602631092072;1061;13;33
0.21057051420211792;1062;13;34
0.21042214334011078;1063;13;35
0.21017517149448395;1064;13;36
0.20986291766166687;1065;13;37
0.20946000516414642;1066;13;38
0.21009567379951477;1067;13;39
0.20900563895702362;1068;13;40
0.208500474691391;1069;13;41
0.20825590193271637;1070;13;42
0.20698025822639465;1071;13;43
0.20634675025939941;1072;13;44
0.20638296008110046;1073;13;45
0.2048902064561844;1074;13;46
0.2039623111486435;1075;13;47
0.20375096797943115;1076;13;48
0.20387110114097595;1077;13;49
0.20290856063365936;1078;13;50
0.20226912200450897;1079;13;51
0.20128516852855682;1080;13;52
0.20012518763542175;1081;13;53
0.19937168061733246;1082;13;54
0.19815276563167572;1083;13;55
0.19826796650886536;1084;13;56
0.1981574147939682;1085;13;57
0.19743354618549347;1086;13;58
0.1964956372976303;1087;13;59
0.19624505937099457;1088;13;60
0.1953973025083542;1089;13;61
0.19537077844142914;1090;13;62
0.19528448581695557;1091;13;63
0.1955920159816742;1092;13;64
0.19476741552352905;1093;13;65
0.19403843581676483;1094;13;66
0.1934070885181427;1095;13;67
0.19298869371414185;1096;13;68
0.19226381182670593;1097;13;69
0.192369744181633;1098;13;70
0.19183164834976196;1099;13;71
0.1906343251466751;1100;13;72
0.19037029147148132;1101;13;73
0.18968543410301208;1102;13;74
0.18852829933166504;1103;13;75
0.18826806545257568;1104;13;76
0.18792352080345154;1105;13;77
0.18715813755989075;1106;13;78
0.18646372854709625;1107;14;0
0.1861107498407364;1108;14;1
0.1858711540699005;1109;14;2
0.18487483263015747;1110;14;3
0.18446531891822815;1111;14;4
0.18454338610172272;1112;14;5
0.18417373299598694;1113;14;6
0.18338139355182648;1114;14;7
0.18365249037742615;1115;14;8
0.18322038650512695;1116;14;9
0.18191871047019958;1117;14;10
0.18070942163467407;1118;14;11
0.17969882488250732;1119;14;12
0.1797843873500824;1120;14;13
0.17982512712478638;1121;14;14
0.179739311337471;1122;14;15
0.17955076694488525;1123;14;16
0.17880918085575104;1124;14;17
0.17791754007339478;1125;14;18
0.1776561141014099;1126;14;19
0.17655989527702332;1127;14;20
0.1758209764957428;1128;14;21
0.17395570874214172;1129;14;22
0.1737438440322876;1130;14;23
0.17290686070919037;1131;14;24
0.17229193449020386;1132;14;25
0.17167648673057556;1133;14;26
0.17107586562633514;1134;14;27
0.1707746684551239;1135;14;28
0.16990743577480316;1136;14;29
0.16913600265979767;1137;14;30
0.16863033175468445;1138;14;31
0.16836178302764893;1139;14;32
0.16871897876262665;1140;14;33
0.16872748732566833;1141;14;34
0.16903294622898102;1142;14;35
0.16920283436775208;1143;14;36
0.1682015061378479;1144;14;37
0.16664214432239532;1145;14;38
0.16552001237869263;1146;14;39
0.16541039943695068;1147;14;40
0.1645445078611374;1148;14;41
0.16472406685352325;1149;14;42
0.16380088031291962;1150;14;43
0.1632644236087799;1151;14;44
0.16332487761974335;1152;14;45
0.1626822054386139;1153;14;46
0.16236528754234314;1154;14;47
0.16296471655368805;1155;14;48
0.16308249533176422;1156;14;49
0.1628161072731018;1157;14;50
0.1620880663394928;1158;14;51
0.16222509741783142;1159;14;52
0.16145293414592743;1160;14;53
0.1615523248910904;1161;14;54
0.16138313710689545;1162;14;55
0.16099616885185242;1163;14;56
0.1597912609577179;1164;14;57
0.15962129831314087;1165;14;58
0.1595243364572525;1166;14;59
0.15980494022369385;1167;14;60
0.15974266827106476;1168;14;61
0.15959346294403076;1169;14;62
0.1593562811613083;1170;14;63
0.160181924700737;1171;14;64
0.1600373238325119;1172;14;65
0.15904803574085236;1173;14;66
0.1593663990497589;1174;14;67
0.15903569757938385;1175;14;68
0.159181147813797;1176;14;69
0.15859846770763397;1177;14;70
0.15787002444267273;1178;14;71
0.15801391005516052;1179;14;72
0.15697988867759705;1180;14;73
0.1560972034931183;1181;14;74
0.15595345199108124;1182;14;75
0.1548132449388504;1183;14;76
0.15465840697288513;1184;14;77
0.15373948216438293;1185;14;78
0.15311819314956665;1186;15;0
0.15354180335998535;1187;15;1
0.15323014557361603;1188;15;2
0.15250881016254425;1189;15;3
0.15185697376728058;1190;15;4
0.15162542462348938;1191;15;5
0.15121611952781677;1192;15;6
0.15122634172439575;1193;15;7
0.15082964301109314;1194;15;8
0.15033143758773804;1195;15;9
0.1502251774072647;1196;15;10
0.1496039628982544;1197;15;11
0.14935113489627838;1198;15;12
0.14841197431087494;1199;15;13
0.14759093523025513;1200;15;14
0.14724360406398773;1201;15;15
0.14669248461723328;1202;15;16
0.14551755785942078;1203;15;17
0.14499257504940033;1204;15;18
0.14439165592193604;1205;15;19
0.14497363567352295;1206;15;20
0.14511869847774506;1207;15;21
0.1449316143989563;1208;15;22
0.14458788931369781;1209;15;23
0.1445193886756897;1210;15;24
0.14352154731750488;1211;15;25
0.14309126138687134;1212;15;26
0.14294958114624023;1213;15;27
0.14163726568222046;1214;15;28
0.14122459292411804;1215;15;29
0.14077091217041016;1216;15;30
0.13971996307373047;1217;15;31
0.13910849392414093;1218;15;32
0.13920465111732483;1219;15;33
0.13918188214302063;1220;15;34
0.1384250521659851;1221;15;35
0.13901543617248535;1222;15;36
0.1382731944322586;1223;15;37
0.1378829926252365;1224;15;38
0.13740274310112;1225;15;39
0.1371152251958847;1226;15;40
0.13633309304714203;1227;15;41
0.13606907427310944;1228;15;42
0.13499672710895538;1229;15;43
0.13470888137817383;1230;15;44
0.13415417075157166;1231;15;45
0.13416968286037445;1232;15;46
0.1342054009437561;1233;15;47
0.1337885856628418;1234;15;48
0.13337115943431854;1235;15;49
0.13302361965179443;1236;15;50
0.13325536251068115;1237;15;51
0.13305461406707764;1238;15;52
0.1321694552898407;1239;15;53
0.13168886303901672;1240;15;54
0.13135573267936707;1241;15;55
0.13115446269512177;1242;15;56
0.13124658167362213;1243;15;57
0.13184206187725067;1244;15;58
0.1311803013086319;1245;15;59
0.13059966266155243;1246;15;60
0.1303321123123169;1247;15;61
0.1307716965675354;1248;15;62
0.13071466982364655;1249;15;63
0.13043437898159027;1250;15;64
0.1301792860031128;1251;15;65
0.13109079003334045;1252;15;66
0.13149118423461914;1253;15;67
0.13201703131198883;1254;15;68
0.13168728351593018;1255;15;69
0.1317099630832672;1256;15;70
0.13120046257972717;1257;15;71
0.13079310953617096;1258;15;72
0.13064271211624146;1259;15;73
0.1301434487104416;1260;15;74
0.12928344309329987;1261;15;75
0.1281386762857437;1262;15;76
0.12789736688137054;1263;15;77
0.12785042822360992;1264;15;78
0.12787789106369019;1265;16;0
0.12778063118457794;1266;16;1
0.1276850402355194;1267;16;2
0.12820689380168915;1268;16;3
0.12779410183429718;1269;16;4
0.12754712998867035;1270;16;5
0.1273946762084961;1271;16;6
0.12654204666614532;1272;16;7
0.12599599361419678;1273;16;8
0.12564446032047272;1274;16;9
0.1253633052110672;1275;16;10
0.12446776777505875;1276;16;11
0.12459033727645874;1277;16;12
0.12440428882837296;1278;16;13
0.1241409182548523;1279;16;14
0.12361545860767365;1280;16;15
0.12288952618837357;1281;16;16
0.12226515263319016;1282;16;17
0.12187282741069794;1283;16;18
0.12210547924041748;1284;16;19
0.12198775261640549;1285;16;20
0.12159856408834457;1286;16;21
0.12101010233163834;1287;16;22
0.12120100855827332;1288;16;23
0.12038774788379669;1289;16;24
0.12017886340618134;1290;16;25
0.12041594833135605;1291;16;26
0.12074138224124908;1292;16;27
0.12053287774324417;1293;16;28
0.12036190927028656;1294;16;29
0.11996100097894669;1295;16;30
0.12001130729913712;1296;16;31
0.119459368288517;1297;16;32
0.11839213222265244;1298;16;33
0.11830436438322067;1299;16;34
0.11821670830249786;1300;16;35
0.11783935874700546;1301;16;36
0.11765894293785095;1302;16;37
0.11735429614782333;1303;16;38
0.11711468547582626;1304;16;39
0.11676447838544846;1305;16;40
0.11755383014678955;1306;16;41
0.11817079037427902;1307;16;42
0.11805117130279541;1308;16;43
0.11735597252845764;1309;16;44
0.11738458275794983;1310;16;45
0.1159566193819046;1311;16;46
0.11500660330057144;1312;16;47
0.11454958468675613;1313;16;48
0.11383489519357681;1314;16;49
0.11342425644397736;1315;16;50
0.11403203755617142;1316;16;51
0.11362587660551071;1317;16;52
0.11291329562664032;1318;16;53
0.11306632310152054;1319;16;54
0.11261719465255737;1320;16;55
0.11171939224004745;1321;16;56
0.11149509996175766;1322;16;57
0.11101343482732773;1323;16;58
0.1108347699046135;1324;16;59
0.11080959439277649;1325;16;60
0.11022397875785828;1326;16;61
0.11005841940641403;1327;16;62
0.10915015637874603;1328;16;63
0.10867993533611298;1329;16;64
0.10809071362018585;1330;16;65
0.10710106790065765;1331;16;66
0.1066364273428917;1332;16;67
0.1064111664891243;1333;16;68
0.10666114836931229;1334;16;69
0.10638772696256638;1335;16;70
0.10618113726377487;1336;16;71
0.1055600568652153;1337;16;72
0.10622890293598175;1338;16;73
0.10504547506570816;1339;16;74
0.10507338494062424;1340;16;75
0.10415355861186981;1341;16;76
0.10393939167261124;1342;16;77
0.10258408635854721;1343;16;78
0.10252773761749268;1344;17;0
0.10315025597810745;1345;17;1
0.10291451960802078;1346;17;2
0.10238352417945862;1347;17;3
0.10235155373811722;1348;17;4
0.10203670710325241;1349;17;5
0.10199564695358276;1350;17;6
0.10159151256084442;1351;17;7
0.1009848490357399;1352;17;8
0.0997132807970047;1353;17;9
0.09958206117153168;1354;17;10
0.09865521639585495;1355;17;11
0.0990445613861084;1356;17;12
0.09930329769849777;1357;17;13
0.09887151420116425;1358;17;14
0.09901545196771622;1359;17;15
0.09949161112308502;1360;17;16
0.09894121438264847;1361;17;17
0.0984659418463707;1362;17;18
0.09806477278470993;1363;17;19
0.0979284793138504;1364;17;20
0.09771327674388885;1365;17;21
0.09715879708528519;1366;17;22
0.09665153920650482;1367;17;23
0.0966377928853035;1368;17;24
0.09541086107492447;1369;17;25
0.09537103027105331;1370;17;26
0.0948999896645546;1371;17;27
0.09450824558734894;1372;17;28
0.09409642219543457;1373;17;29
0.09463304281234741;1374;17;30
0.0952564924955368;1375;17;31
0.09543225169181824;1376;17;32
0.09503847360610962;1377;17;33
0.094656802713871;1378;17;34
0.0938425213098526;1379;17;35
0.09304215013980865;1380;17;36
0.09199754148721695;1381;17;37
0.0911596268415451;1382;17;38
0.09163568913936615;1383;17;39
0.09088784456253052;1384;17;40
0.09067916870117188;1385;17;41
0.08955918997526169;1386;17;42
0.08865733444690704;1387;17;43
0.08904075622558594;1388;17;44
0.08855876326560974;1389;17;45
0.08934272080659866;1390;17;46
0.08905669301748276;1391;17;47
0.08844809234142303;1392;17;48
0.08884076029062271;1393;17;49
0.0872831717133522;1394;17;50
0.08707458525896072;1395;17;51
0.08701688051223755;1396;17;52
0.08656229823827744;1397;17;53
0.08604918420314789;1398;17;54
0.08562318235635757;1399;17;55
0.08545970171689987;1400;17;56
0.08518154174089432;1401;17;57
0.08538159728050232;1402;17;58
0.08440396934747696;1403;17;59
0.08343441784381866;1404;17;60
0.08367088437080383;1405;17;61
0.08286537975072861;1406;17;62
0.08315916359424591;1407;17;63
0.08301998674869537;1408;17;64
0.08262111991643906;1409;17;65
0.08153599500656128;1410;17;66
0.08132708817720413;1411;17;67
0.08153284341096878;1412;17;68
0.08143378049135208;1413;17;69
0.08076616376638412;1414;17;70
0.08084312826395035;1415;17;71
0.08161380887031555;1416;17;72
0.08083868026733398;1417;17;73
0.08061591535806656;1418;17;74
0.08113701641559601;1419;17;75
0.08107884973287582;1420;17;76
0.08155997842550278;1421;17;77
0.08247614651918411;1422;17;78
0.08225458860397339;1423;18;0
0.08184900134801865;1424;18;1
0.08149409294128418;1425;18;2
0.08128942549228668;1426;18;3
0.08089487999677658;1427;18;4
0.08009172976016998;1428;18;5
0.07959362119436264;1429;18;6
0.07905317097902298;1430;18;7
0.07851820439100266;1431;18;8
0.07914213836193085;1432;18;9
0.07903323322534561;1433;18;10
0.07831258326768875;1434;18;11
0.07826242595911026;1435;18;12
0.07847223430871964;1436;18;13
0.07881958037614822;1437;18;14
0.07798688858747482;1438;18;15
0.07761562615633011;1439;18;16
0.07738355547189713;1440;18;17
0.07656943798065186;1441;18;18
0.07685421407222748;1442;18;19
0.07664333283901215;1443;18;20
0.0763445645570755;1444;18;21
0.07599035650491714;1445;18;22
0.07655836641788483;1446;18;23
0.07538896799087524;1447;18;24
0.0748155266046524;1448;18;25
0.07478903234004974;1449;18;26
0.07488514482975006;1450;18;27
0.07415837794542313;1451;18;28
0.07424107193946838;1452;18;29
0.07400781661272049;1453;18;30
0.07321243733167648;1454;18;31
0.0727529525756836;1455;18;32
0.07275354117155075;1456;18;33
0.07236131280660629;1457;18;34
0.07300072908401489;1458;18;35
0.07276740670204163;1459;18;36
0.0727955773472786;1460;18;37
0.07231389731168747;1461;18;38
0.07320161163806915;1462;18;39
0.07308804243803024;1463;18;40
0.07231483608484268;1464;18;41
0.07178155332803726;1465;18;42
0.07219132781028748;1466;18;43
0.07155321538448334;1467;18;44
0.07106155902147293;1468;18;45
0.07038244605064392;1469;18;46
0.0701356828212738;1470;18;47
0.07072409987449646;1471;18;48
0.07023937255144119;1472;18;49
0.06930570304393768;1473;18;50
0.06922181695699692;1474;18;51
0.06922272592782974;1475;18;52
0.06928538531064987;1476;18;53
0.06966328620910645;1477;18;54
0.06983690708875656;1478;18;55
0.06998089700937271;1479;18;56
0.06859477609395981;1480;18;57
0.06774233281612396;1481;18;58
0.06751006096601486;1482;18;59
0.06721729040145874;1483;18;60
0.06691278517246246;1484;18;61
0.06659277528524399;1485;18;62
0.06701235473155975;1486;18;63
0.06774158775806427;1487;18;64
0.06810638308525085;1488;18;65
0.06887578964233398;1489;18;66
0.06852468848228455;1490;18;67
0.06878384947776794;1491;18;68
0.06799091398715973;1492;18;69
0.06813337653875351;1493;18;70
0.06800156086683273;1494;18;71
0.06775262206792831;1495;18;72
0.06777514517307281;1496;18;73
0.06743346899747849;1497;18;74
0.06751785427331924;1498;18;75
0.06710444390773773;1499;18;76
0.06714942306280136;1500;18;77
0.06622027605772018;1501;18;78
0.06576292216777802;1502;19;0
0.06499722599983215;1503;19;1
0.0658288225531578;1504;19;2
0.06636010855436325;1505;19;3
0.06604167073965073;1506;19;4
0.06543430685997009;1507;19;5
0.0645647794008255;1508;19;6
0.0646122470498085;1509;19;7
0.06373918056488037;1510;19;8
0.0635908991098404;1511;19;9
0.06349092721939087;1512;19;10
0.06336642801761627;1513;19;11
0.06273967772722244;1514;19;12
0.06247594207525253;1515;19;13
0.06214128062129021;1516;19;14
0.061766497790813446;1517;19;15
0.0609283484518528;1518;19;16
0.06071138009428978;1519;19;17
0.06027446314692497;1520;19;18
0.059628888964653015;1521;19;19
0.059676624834537506;1522;19;20
0.05942201614379883;1523;19;21
0.05853106081485748;1524;19;22
0.057961925864219666;1525;19;23
0.057632818818092346;1526;19;24
0.057211510837078094;1527;19;25
0.05742407962679863;1528;19;26
0.05764884874224663;1529;19;27
0.057314611971378326;1530;19;28
0.05738506093621254;1531;19;29
0.05766144022345543;1532;19;30
0.057615648955106735;1533;19;31
0.0569881796836853;1534;19;32
0.05728811025619507;1535;19;33
0.05693940073251724;1536;19;34
0.05668850615620613;1537;19;35
0.05692130699753761;1538;19;36
0.056791726499795914;1539;19;37
0.05716841667890549;1540;19;38
0.057018011808395386;1541;19;39
0.05665607750415802;1542;19;40
0.057049427181482315;1543;19;41
0.0566304475069046;1544;19;42
0.05589395388960838;1545;19;43
0.05561235547065735;1546;19;44
0.055257923901081085;1547;19;45
0.05592454597353935;1548;19;46
0.05614279955625534;1549;19;47
0.05645260214805603;1550;19;48
0.05652403086423874;1551;19;49
0.05588933080434799;1552;19;50
0.05554095655679703;1553;19;51
0.05509915202856064;1554;19;52
0.054581522941589355;1555;19;53
0.05518076568841934;1556;19;54
0.05482109636068344;1557;19;55
0.0542018860578537;1558;19;56
0.05388227477669716;1559;19;57
0.0540609247982502;1560;19;58
0.05406687408685684;1561;19;59
0.053910985589027405;1562;19;60
0.053749412298202515;1563;19;61
0.05408312380313873;1564;19;62
0.054603129625320435;1565;19;63
0.05489112809300423;1566;19;64
0.05476170778274536;1567;19;65
0.05458257347345352;1568;19;66
0.05461246147751808;1569;19;67
0.053905803710222244;1570;19;68
0.054342590272426605;1571;19;69
0.054038554430007935;1572;19;70
0.05395084619522095;1573;19;71
0.05295723304152489;1574;19;72
0.052733566612005234;1575;19;73
0.05257727950811386;1576;19;74
0.052999239414930344;1577;19;75
0.05323660746216774;1578;19;76
0.05324576795101166;1579;19;77
0.054353486746549606;1580;19;78
